2 0.879830 0.697869 0.239351 0.483727
2 0.041802 0.610781 0.083241 0.093750
2 0.547701 0.575898 0.025728 0.084548
2 0.533667 0.567582 0.028847 0.059600
2 0.520413 0.559266 0.021050 0.048511
2 0.506770 0.549563 0.021830 0.040195
2 0.488448 0.547484 0.017932 0.027721
2 0.592920 0.573819 0.086541 0.119199
2 0.293926 0.577284 0.035864 0.040195
2 0.378518 0.560652 0.027288 0.034651
2 0.431924 0.555108 0.015593 0.018018
2 0.398305 0.557825 0.015780 0.026225
2 0.415551 0.553029 0.007796 0.011088
2 0.444398 0.545405 0.009356 0.012474
0 0.727019 0.546098 0.028847 0.119199
2 0.106422 0.595996 0.045999 0.049897
2 0.150861 0.587679 0.036643 0.030493
2 0.209725 0.588372 0.046779 0.042967
