2 0.660867 0.557683 0.086075 0.051008
2 0.811977 0.553645 0.063122 0.045482
2 0.314653 0.581146 0.043994 0.054408
2 0.411727 0.564994 0.018171 0.028904
2 0.443766 0.564994 0.015302 0.025504
2 0.466241 0.558193 0.014346 0.025504
2 0.162108 0.597529 0.102334 0.123658
2 0.052733 0.590668 0.105203 0.129219
2 0.281179 0.578596 0.032517 0.052708
2 0.254400 0.581146 0.049732 0.051008
2 0.222839 0.589648 0.055471 0.057809
2 0.361899 0.569245 0.019128 0.037406
2 0.717274 0.545371 0.030563 0.025533
2 0.616993 0.551307 0.030844 0.020403
2 0.399294 0.566609 0.004782 0.020403
2 0.332346 0.558363 0.044950 0.068010
2 0.857190 0.554398 0.030501 0.037396
2 0.739392 0.545984 0.019984 0.024307
