4 0.160675 0.585709 0.320039 0.307930
3 0.013847 0.522491 0.026383 0.169260
0 0.201397 0.653005 0.091767 0.373187
0 0.575267 0.580174 0.013765 0.075453
0 0.679652 0.567938 0.011471 0.067296
0 0.695711 0.557742 0.009177 0.050982
0 0.688829 0.568958 0.013765 0.069335
0 0.672196 0.572017 0.012618 0.063218
0 0.628033 0.580174 0.020648 0.099924
0 0.595341 0.653588 0.047031 0.201888
0 0.698006 0.583233 0.016059 0.097885
2 0.826939 0.541427 0.012618 0.022432
2 0.829806 0.543467 0.013765 0.022432
2 0.839557 0.549585 0.014912 0.030589
2 0.848160 0.556722 0.016059 0.036707
2 0.853895 0.567938 0.022942 0.050982
2 0.803423 0.550604 0.041295 0.032628
2 0.802850 0.563859 0.044737 0.038746
2 0.906088 0.553663 0.026383 0.030589
2 0.908956 0.562840 0.018353 0.032628
2 0.923868 0.566918 0.029824 0.048943
2 0.931324 0.573036 0.026383 0.044864
2 0.953692 0.575075 0.039001 0.065257
2 0.961722 0.582213 0.034413 0.059139
2 0.982943 0.591390 0.033266 0.081571
2 0.882687 0.573765 0.051619 0.071375
2 0.790346 0.619648 0.075708 0.093807
