4 0.139085 0.488031 0.278170 0.971983
2 0.352731 0.723943 0.399188 0.469033
2 0.419262 0.489426 0.133063 0.106042
0 0.497346 0.545652 0.011471 0.048943
2 0.531186 0.547691 0.056208 0.044864
0 0.536347 0.546671 0.016059 0.042825
0 0.566745 0.541573 0.019501 0.057100
0 0.589114 0.536475 0.022942 0.063218
0 0.780678 0.537495 0.027530 0.130514
0 0.821400 0.499768 0.021795 0.042825
0 0.627541 0.537495 0.019501 0.077492
0 0.644748 0.540553 0.014912 0.071375
0 0.665395 0.534436 0.024089 0.091767
0 0.690631 0.541573 0.028677 0.089728
0 0.717014 0.548711 0.024089 0.112160
0 0.748560 0.545652 0.032119 0.142749
0 0.947727 0.536122 0.054241 0.190614
0 0.887810 0.515940 0.025228 0.114369
