2 0.021205 0.601739 0.042410 0.256059
2 0.404093 0.661486 0.371286 0.364173
2 0.924213 0.709142 0.150435 0.283088
2 0.647750 0.656507 0.268062 0.339990
2 0.509318 0.533457 0.044010 0.056902
2 0.189644 0.555506 0.073617 0.106691
2 0.233254 0.562619 0.032808 0.083930
2 0.049611 0.565464 0.051212 0.101001
2 0.042410 0.506428 0.059214 0.039831
2 0.032407 0.490780 0.047211 0.017071
2 0.056013 0.479400 0.083219 0.045522
2 0.115227 0.495759 0.040009 0.012803
3 0.184843 0.472998 0.080018 0.058325
2 0.110826 0.573288 0.104824 0.147945
