2 0.334846 0.567382 0.008773 0.010398
2 0.325098 0.567382 0.010723 0.013864
2 0.320712 0.569981 0.009748 0.012131
2 0.314863 0.572580 0.011698 0.017330
3 0.346544 0.564782 0.012673 0.025995
2 0.359217 0.563049 0.006824 0.015597
2 0.363603 0.563049 0.007798 0.019063
2 0.367015 0.566515 0.010723 0.022529
2 0.378225 0.569114 0.019496 0.034660
2 0.388948 0.578646 0.011698 0.036393
2 0.396259 0.581245 0.016572 0.045058
2 0.406495 0.584711 0.025345 0.058922
2 0.418680 0.586444 0.024370 0.072786
2 0.457672 0.587311 0.078959 0.102247
2 0.517623 0.567382 0.052640 0.055456
2 0.595120 0.570406 0.086758 0.078835
4 0.300728 0.569114 0.022421 0.038126
2 0.296342 0.576046 0.019496 0.031194
2 0.289031 0.583845 0.012673 0.025995
2 0.279282 0.582978 0.016572 0.045058
4 0.263686 0.572580 0.024370 0.076252
2 0.258324 0.596842 0.013647 0.041592
4 0.238828 0.579512 0.031194 0.093582
4 0.182352 0.582128 0.087988 0.140405
2 0.054589 0.642940 0.109178 0.190629
2 0.015110 0.668935 0.030219 0.169833
