0 0.673592 0.380392 0.013647 0.046791
0 0.616566 0.395989 0.012673 0.074519
0 0.604868 0.395989 0.012673 0.067587
4 0.561489 0.362195 0.052640 0.117843
2 0.505925 0.407253 0.040942 0.058922
2 0.482042 0.402921 0.008773 0.015597
2 0.470345 0.406387 0.006824 0.015597
2 0.464496 0.405520 0.006824 0.013864
2 0.451823 0.407253 0.018521 0.024262
2 0.437201 0.408120 0.010723 0.025995
2 0.429403 0.408986 0.008773 0.020796
2 0.420630 0.411586 0.010723 0.029461
2 0.410394 0.413319 0.013647 0.032927
2 0.398696 0.409853 0.015597 0.043325
2 0.347519 0.419384 0.096506 0.124775
2 0.096506 0.448845 0.068237 0.051990
2 0.055077 0.499102 0.108204 0.242619
