2 0.976315 0.526392 0.044072 0.047423
2 0.557281 0.476289 0.012758 0.028866
2 0.570039 0.477320 0.017397 0.039175
2 0.540464 0.482474 0.018557 0.041237
2 0.369974 0.464949 0.018557 0.022680
2 0.350258 0.471134 0.013918 0.022680
2 0.328222 0.469072 0.034794 0.039175
2 0.306766 0.475258 0.017397 0.035052
2 0.289949 0.475258 0.018557 0.039175
2 0.269652 0.477320 0.022036 0.039175
2 0.236018 0.476289 0.047552 0.045361
2 0.155412 0.475258 0.060309 0.051546
2 0.433763 0.457732 0.018557 0.028866
2 0.418686 0.467010 0.020876 0.022680
2 0.392590 0.489691 0.059149 0.080412
2 0.073067 0.517526 0.146134 0.202062
2 0.603093 0.509278 0.088144 0.103093
2 0.485954 0.533608 0.134536 0.189691
2 0.778222 0.509897 0.164691 0.092784
