2 0.425566 0.485223 0.009492 0.016875
2 0.434531 0.486161 0.008437 0.018750
2 0.440332 0.487098 0.007383 0.020625
2 0.458789 0.489911 0.021094 0.026250
2 0.363340 0.488036 0.024258 0.045000
2 0.494121 0.487098 0.015820 0.031875
2 0.390762 0.496473 0.049570 0.058125
2 0.510469 0.495536 0.023203 0.037500
2 0.227285 0.490848 0.034805 0.035625
0 0.548965 0.485223 0.009492 0.047411
0 0.584297 0.498616 0.008437 0.054375
2 0.075410 0.578036 0.150820 0.412500
5 0.943719 0.544018 0.047461 0.078750
5 0.856180 0.554330 0.036914 0.095625
