2 0.667336 0.445851 0.014001 0.017570
2 0.654569 0.445119 0.008236 0.019035
2 0.641392 0.447315 0.016472 0.017570
2 0.623684 0.444387 0.012354 0.020499
2 0.608859 0.445119 0.015649 0.019035
2 0.581679 0.443655 0.025532 0.021963
2 0.551383 0.444998 0.025837 0.024649
2 0.522653 0.444342 0.029375 0.025962
2 0.453762 0.446729 0.023371 0.025182
2 0.412651 0.446339 0.029207 0.033950
2 0.379087 0.451721 0.037921 0.035167
2 0.339072 0.445340 0.046057 0.043935
2 0.241114 0.450976 0.049417 0.033677
2 0.187217 0.452520 0.050141 0.045551
2 0.092500 0.452854 0.105594 0.060860
2 0.484913 0.445997 0.032962 0.026646
2 0.291892 0.448336 0.046057 0.037944
2 0.435679 0.445340 0.016850 0.027959
0 0.022853 0.451332 0.022467 0.079882
0 0.689553 0.491272 0.021343 0.087870
0 0.688991 0.499261 0.022467 0.079882
