4 0.842362 0.470260 0.173948 0.113033
5 0.550249 0.493720 0.031191 0.040521
1 0.550849 0.486256 0.010797 0.051185
2 0.150768 0.468128 0.028791 0.027725
2 0.079989 0.465995 0.009597 0.019194
2 0.046999 0.453199 0.013196 0.014929
2 0.066193 0.462796 0.022793 0.021327
2 0.108180 0.477725 0.063581 0.042654
2 0.406892 0.470260 0.010797 0.014929
2 0.386498 0.470260 0.025193 0.023460
2 0.358906 0.472393 0.025193 0.027725
2 0.507952 0.472393 0.029410 0.036256
4 0.017007 0.446801 0.015595 0.014929
2 0.465074 0.458531 0.014396 0.012796
2 0.444680 0.461730 0.021594 0.010663
2 0.562246 0.465995 0.040788 0.027725
2 0.540052 0.460663 0.017995 0.017062
