2 0.230235 0.560625 0.027686 0.070312
2 0.318565 0.519609 0.011865 0.016406
2 0.312632 0.525468 0.013184 0.028125
2 0.300767 0.526640 0.015820 0.025781
2 0.365367 0.518437 0.026367 0.023437
2 0.386460 0.512578 0.018457 0.016406
2 0.398326 0.519609 0.021094 0.016406
2 0.430625 0.538359 0.040869 0.072656
2 0.284288 0.538359 0.027686 0.030469
2 0.196617 0.577031 0.068555 0.093750
2 0.472813 0.559453 0.083057 0.114844
2 0.369322 0.614531 0.131836 0.182812
2 0.961924 0.783281 0.075146 0.332812
2 0.334226 0.517113 0.013075 0.017881
2 0.349815 0.512642 0.014081 0.016093
