2 0.048825 0.748460 0.096676 0.177413
2 0.309505 0.724897 0.116167 0.124743
2 0.371599 0.703414 0.077965 0.106725
2 0.409801 0.698562 0.040542 0.083162
2 0.433191 0.704107 0.024949 0.066530
2 0.446444 0.692325 0.026508 0.051283
2 0.461648 0.694404 0.011695 0.036037
2 0.477630 0.686088 0.023389 0.030493
2 0.494393 0.679158 0.013254 0.024949
2 0.504528 0.674307 0.007017 0.015246
2 0.509986 0.672228 0.005458 0.013860
2 0.516223 0.668763 0.007017 0.012474
2 0.522850 0.665991 0.004678 0.012474
2 0.535547 0.667377 0.004678 0.012474
2 0.539055 0.671535 0.007017 0.015246
2 0.549580 0.678465 0.006237 0.018018
2 0.557377 0.681930 0.014034 0.022177
2 0.572357 0.689553 0.017932 0.045739
2 0.581323 0.690246 0.015593 0.049897
2 0.611340 0.695790 0.058473 0.088706
2 0.640966 0.708265 0.075626 0.099795
