2 0.539868 0.532422 0.011865 0.011719
2 0.529321 0.532422 0.014502 0.021094
2 0.520752 0.533593 0.013184 0.018750
2 0.511523 0.539453 0.013184 0.021094
2 0.502295 0.547656 0.013184 0.023437
2 0.493725 0.553515 0.014502 0.025781
2 0.597216 0.532422 0.018457 0.025781
2 0.617651 0.544140 0.027686 0.035156
2 0.439013 0.564062 0.026367 0.075000
2 0.409350 0.566406 0.046143 0.126562
2 0.326979 0.579712 0.151611 0.157031
2 0.657228 0.548071 0.063281 0.079687
2 0.478590 0.556274 0.032959 0.030469
2 0.124676 0.675468 0.249351 0.365625
2 0.865684 0.586406 0.267627 0.356250
