2 0.469111 0.602057 0.014698 0.019597
2 0.458087 0.616210 0.017147 0.030484
2 0.401134 0.618387 0.013473 0.039194
2 0.335608 0.635807 0.041643 0.052258
2 0.276817 0.643428 0.071038 0.063145
2 0.221089 0.653226 0.047767 0.056613
2 0.150051 0.679355 0.111457 0.095806
2 0.064315 0.691331 0.057566 0.093629
2 0.021440 0.697863 0.042881 0.141532
2 0.598939 0.605323 0.041643 0.043548
2 0.630172 0.612944 0.037969 0.084919
2 0.534025 0.633629 0.115131 0.209032
2 0.691412 0.646694 0.138402 0.178548
2 0.946194 0.786048 0.106606 0.270000
