2 0.604180 0.713174 0.021475 0.034704
2 0.625166 0.711439 0.008785 0.027763
2 0.640295 0.702763 0.021473 0.045116
2 0.641271 0.708836 0.019521 0.036440
2 0.650056 0.708836 0.015617 0.036440
2 0.664209 0.706234 0.022449 0.052057
2 0.705691 0.688014 0.072228 0.095437
2 0.560258 0.717512 0.013665 0.015617
2 0.545617 0.717512 0.011713 0.022558
2 0.531953 0.715777 0.013665 0.026028
2 0.517312 0.712307 0.015617 0.032969
2 0.494862 0.714042 0.031234 0.036440
2 0.468509 0.704498 0.029282 0.052057
2 0.439715 0.694087 0.041971 0.076350
2 0.391750 0.694087 0.094954 0.076350
3 0.863331 0.499617 0.272332 0.995764
