0 0.797129 0.384843 0.027686 0.093750
0 0.685728 0.381328 0.015820 0.053906
0 0.674522 0.368437 0.017139 0.051562
0 0.756919 0.395390 0.026367 0.096094
0 0.098399 0.422343 0.032959 0.159375
2 0.508227 0.382031 0.019775 0.049219
2 0.398144 0.366797 0.010547 0.032812
2 0.377710 0.366797 0.014502 0.046875
4 0.381665 0.355078 0.025049 0.060937
2 0.365844 0.372656 0.014502 0.058594
4 0.334204 0.365625 0.056689 0.100781
2 0.191188 0.410962 0.059326 0.105469
2 0.560329 0.374634 0.038232 0.056250
2 0.847072 0.381665 0.084375 0.098437
2 0.277696 0.430547 0.141064 0.203906
2 0.456333 0.403593 0.097559 0.164062
2 0.616514 0.425859 0.162158 0.246094
2 0.938852 0.371953 0.121289 0.185156
0 0.337681 0.368437 0.018457 0.046875
0 0.137291 0.396328 0.021094 0.091406
0 0.114878 0.403359 0.015820 0.110156
