0 0.747840 0.643229 0.018521 0.074519
0 0.722983 0.642362 0.025345 0.093582
5 0.707386 0.666047 0.027295 0.062388
0 0.669043 0.646406 0.013647 0.076252
0 0.685127 0.643806 0.016572 0.077985
0 0.703161 0.616945 0.011698 0.034660
0 0.791706 0.638607 0.022421 0.081451
0 0.575787 0.597593 0.011698 0.025995
0 0.241752 0.640918 0.011698 0.053723
0 0.260274 0.618389 0.007798 0.019063
0 0.269047 0.619256 0.005849 0.020796
0 0.232979 0.633120 0.007798 0.024262
0 0.226643 0.628787 0.004874 0.022529
0 0.221769 0.628787 0.006824 0.025995
0 0.208121 0.628787 0.010723 0.022529
0 0.195936 0.631387 0.011698 0.020796
0 0.180339 0.629654 0.009748 0.020796
0 0.185701 0.629654 0.008773 0.024262
0 0.172054 0.632253 0.006824 0.022529
0 0.160843 0.630520 0.009748 0.022529
0 0.116002 0.636586 0.007798 0.051990
0 0.122826 0.631387 0.007798 0.034660
2 0.065312 0.749519 0.130624 0.331001
2 0.476031 0.612613 0.013647 0.022529
2 0.497477 0.642940 0.044841 0.065854
2 0.634762 0.629076 0.059463 0.086650
2 0.565713 0.681932 0.120876 0.136906
2 0.407145 0.681066 0.159868 0.239153
3 0.305115 0.620411 0.066287 0.110911
0 0.141845 0.630809 0.014622 0.041592
