2 0.607340 0.451660 0.012803 0.018493
2 0.596138 0.455216 0.019204 0.025606
2 0.619268 0.470864 0.030557 0.045522
2 0.665754 0.463752 0.025606 0.039831
2 0.679357 0.458061 0.016004 0.031296
2 0.746972 0.450949 0.047211 0.022761
2 0.734299 0.486512 0.054954 0.065437
2 0.858598 0.459484 0.024006 0.034141
2 0.878603 0.461618 0.033608 0.035564
2 0.895007 0.469442 0.026406 0.039831
2 0.912611 0.470864 0.032808 0.042677
2 0.953420 0.472998 0.080819 0.046944
2 0.975858 0.483667 0.047277 0.051212
2 0.568531 0.470153 0.031207 0.058325
2 0.647750 0.483667 0.045611 0.062592
2 0.785381 0.530611 0.140032 0.150790
