2 0.375710 0.381039 0.006864 0.014421
2 0.381637 0.383258 0.006240 0.012202
2 0.372590 0.381594 0.010608 0.019967
2 0.369470 0.387140 0.011855 0.028841
2 0.364478 0.386031 0.020591 0.044371
2 0.355118 0.393241 0.029327 0.056574
2 0.346695 0.401561 0.032447 0.070994
2 0.338583 0.408217 0.037438 0.082087
2 0.305201 0.423192 0.080492 0.118693
2 0.409493 0.376602 0.008112 0.021076
2 0.416045 0.378821 0.008736 0.021076
2 0.421037 0.378266 0.007488 0.028841
2 0.430396 0.384367 0.011232 0.029951
2 0.445372 0.386586 0.019967 0.043262
2 0.456603 0.394351 0.027455 0.052136
2 0.481562 0.394905 0.023711 0.070994
2 0.500281 0.404334 0.037438 0.076541
2 0.524081 0.411545 0.049918 0.090961
2 0.569943 0.427629 0.091724 0.118693
2 0.387253 0.382703 0.008736 0.011093
6 0.051567 0.534756 0.095742 0.187469
