2 0.425039 0.357455 0.014766 0.031875
2 0.401308 0.351830 0.034805 0.043125
2 0.395508 0.366161 0.027422 0.041250
2 0.537363 0.357723 0.028477 0.028125
2 0.510469 0.351830 0.025312 0.035625
2 0.484629 0.353705 0.022148 0.046875
2 0.176133 0.424286 0.086484 0.097500
2 0.078047 0.453348 0.156094 0.155625
2 0.603206 0.366830 0.049570 0.065625
2 0.620608 0.368705 0.037969 0.065625
2 0.659631 0.374330 0.063281 0.084375
2 0.693231 0.386518 0.048516 0.090000
2 0.760731 0.409018 0.124453 0.138750
2 0.895731 0.425893 0.204609 0.202500
2 0.503613 0.316473 0.017930 0.020625
2 0.470918 0.315536 0.020039 0.022500
