2 0.052640 0.545026 0.105279 0.275546
2 0.126238 0.520764 0.098456 0.105712
2 0.215920 0.516432 0.051665 0.065854
2 0.316813 0.515565 0.025345 0.046791
2 0.340208 0.519898 0.021446 0.038126
2 0.359217 0.520764 0.018521 0.036393
2 0.370427 0.519898 0.011698 0.034660
2 0.464983 0.519031 0.027295 0.050257
2 0.483505 0.524230 0.019496 0.029461
2 0.517623 0.552824 0.083833 0.121309
2 0.425016 0.536361 0.062388 0.081451
2 0.270997 0.524230 0.095531 0.112644
4 0.104304 0.466175 0.208609 0.197561
4 0.403570 0.489570 0.060438 0.123042
4 0.291955 0.480905 0.059463 0.067587
2 0.985043 0.558890 0.024370 0.019063
