2 0.549917 0.435071 0.009597 0.025592
2 0.540919 0.439336 0.017995 0.034123
2 0.518726 0.448933 0.038389 0.061848
2 0.495333 0.450000 0.008398 0.025592
2 0.483336 0.446801 0.017995 0.023460
3 0.442549 0.412677 0.049185 0.078910
2 0.434751 0.443602 0.052784 0.034123
2 0.437866 0.561363 0.144849 0.209931
2 0.644409 0.501663 0.123463 0.154511
2 0.351646 0.468585 0.022793 0.042654
2 0.378038 0.465386 0.020394 0.031991
2 0.325853 0.486713 0.038389 0.053318
2 0.212487 0.527234 0.068380 0.095972
2 0.135383 0.558280 0.124286 0.138399
0 0.272645 0.485438 0.010926 0.041277
0 0.259670 0.497579 0.009560 0.060701
0 0.284254 0.480582 0.012292 0.060701
