4 0.671643 0.521631 0.040942 0.038126
2 0.964085 0.529429 0.035093 0.036393
2 0.884638 0.532895 0.032169 0.025995
2 0.726719 0.527696 0.020471 0.022529
2 0.704299 0.532895 0.024370 0.022529
2 0.649222 0.534628 0.019496 0.019063
2 0.638012 0.517298 0.024370 0.019063
2 0.629726 0.532895 0.023395 0.029461
2 0.599507 0.521631 0.019496 0.020796
2 0.580498 0.527696 0.012673 0.022529
2 0.604381 0.528562 0.027295 0.024262
2 0.607793 0.555424 0.053614 0.050257
2 0.400159 0.511233 0.018521 0.027728
2 0.381637 0.506034 0.012673 0.020796
2 0.368965 0.509500 0.010723 0.013864
2 0.268072 0.529429 0.007798 0.019063
2 0.259299 0.524230 0.009748 0.012131
2 0.259299 0.538094 0.011698 0.019063
2 0.250038 0.525096 0.012672 0.010398
2 0.245164 0.539827 0.018521 0.025995
2 0.235903 0.526829 0.011698 0.010398
2 0.224693 0.527696 0.010723 0.012131
2 0.227130 0.549358 0.019496 0.027728
2 0.182289 0.529429 0.011698 0.015597
2 0.191550 0.532028 0.010723 0.017330
2 0.176440 0.538960 0.011698 0.024262
2 0.189600 0.544159 0.020471 0.020796
2 0.164255 0.535494 0.026320 0.013864
2 0.143297 0.542426 0.017547 0.027728
2 0.117464 0.542426 0.047766 0.041592
2 0.086758 0.532895 0.021446 0.022529
2 0.067262 0.533624 0.023395 0.019405
2 0.007798 0.530295 0.013647 0.020796
2 0.034606 0.541560 0.049715 0.046791
2 0.108691 0.554316 0.045816 0.052472
2 0.162306 0.552824 0.034118 0.038126
2 0.431352 0.514699 0.020471 0.027728
3 0.467420 0.514699 0.049715 0.086650
2 0.521035 0.589217 0.143297 0.204493
