2 0.512198 0.366102 0.016381 0.035362
2 0.525654 0.368182 0.024571 0.043683
2 0.543790 0.370262 0.030422 0.068644
2 0.554321 0.374422 0.042123 0.068644
2 0.568947 0.386903 0.043293 0.072804
2 0.582402 0.395224 0.028082 0.081125
2 0.613994 0.398344 0.067864 0.141448
2 0.691804 0.419145 0.160300 0.224653
2 0.496402 0.366102 0.029252 0.027042
2 0.453695 0.369222 0.028082 0.024961
2 0.436144 0.373382 0.009361 0.033282
2 0.427368 0.372342 0.012871 0.035362
2 0.418008 0.375463 0.017551 0.045763
2 0.405722 0.379623 0.021061 0.049923
2 0.396946 0.384823 0.024571 0.056163
2 0.380565 0.391063 0.031592 0.064484
2 0.364184 0.402504 0.036272 0.070724
2 0.331422 0.407704 0.050313 0.106086
2 0.260048 0.427466 0.122857 0.153929
2 0.046510 0.540832 0.091265 0.235054
2 0.851957 0.518843 0.291347 0.320339
