2 0.545451 0.542417 0.021594 0.025592
2 0.524457 0.544549 0.013196 0.021327
2 0.511860 0.541350 0.016795 0.027725
2 0.494466 0.540284 0.029991 0.046919
2 0.479470 0.553080 0.028791 0.046919
2 0.448279 0.553080 0.052784 0.081043
2 0.436283 0.572274 0.052784 0.093839
2 0.395495 0.586137 0.083975 0.121564
2 0.304322 0.610663 0.191943 0.183412
2 0.566444 0.549881 0.015595 0.019194
2 0.579041 0.544549 0.014396 0.029858
2 0.586238 0.544549 0.021594 0.038389
2 0.608432 0.549881 0.039588 0.061848
2 0.634224 0.559478 0.035989 0.068246
2 0.662416 0.563744 0.053984 0.119431
2 0.724797 0.582938 0.137959 0.166351
2 0.823768 0.638388 0.223134 0.213270
