2 0.494311 0.533633 0.017193 0.030566
2 0.459924 0.539236 0.037252 0.068774
2 0.435566 0.551972 0.037252 0.084057
2 0.420522 0.553246 0.044416 0.101887
2 0.342435 0.569802 0.134682 0.165566
2 0.544458 0.527774 0.011462 0.015283
2 0.564517 0.526500 0.025790 0.038208
2 0.568815 0.536689 0.025790 0.033113
2 0.596755 0.540000 0.038685 0.076415
2 0.611799 0.546368 0.048715 0.089151
2 0.642604 0.560887 0.084534 0.106981
2 0.146860 0.634755 0.290855 0.295472
2 0.870273 0.666595 0.257901 0.328585
2 0.530130 0.532359 0.011462 0.015283
