2 0.006773 0.323906 0.007910 0.018750
2 0.013365 0.328594 0.010547 0.028125
2 0.019957 0.330937 0.010547 0.028125
2 0.029185 0.337969 0.010547 0.042187
2 0.031822 0.345000 0.007910 0.023437
2 0.046324 0.334453 0.029004 0.058594
2 0.055552 0.341484 0.031641 0.058594
2 0.075328 0.354375 0.044824 0.070312
2 0.079283 0.362578 0.031641 0.063281
2 0.097740 0.371953 0.039551 0.077344
2 0.117515 0.386015 0.052734 0.105469
2 0.172227 0.403593 0.106787 0.140625
2 0.248033 0.449297 0.179297 0.180469
2 0.909849 0.545390 0.179297 0.232031
