2 0.701862 0.538960 0.027295 0.048524
2 0.594633 0.527241 0.021446 0.047701
2 0.462059 0.531162 0.019496 0.039859
2 0.489354 0.528562 0.037043 0.058922
2 0.509337 0.533761 0.030219 0.051990
2 0.553203 0.540693 0.065312 0.103980
2 0.641911 0.578819 0.123801 0.135173
4 0.400646 0.425449 0.103330 0.150770
4 0.282194 0.466988 0.038612 0.060324
2 0.217870 0.546759 0.047766 0.046791
2 0.195936 0.549358 0.048740 0.051990
2 0.178390 0.546759 0.037043 0.050257
2 0.160356 0.549358 0.051665 0.051990
2 0.105767 0.557571 0.075060 0.066759
2 0.103330 0.525963 0.077985 0.053723
2 0.357754 0.608280 0.218357 0.339666
