2 0.436227 0.444512 0.010723 0.019063
2 0.435252 0.467041 0.014622 0.022529
2 0.426966 0.472240 0.011698 0.025995
2 0.421604 0.474840 0.012673 0.027728
2 0.414293 0.477439 0.017547 0.025995
2 0.404545 0.482638 0.013647 0.029461
2 0.391873 0.486104 0.015597 0.032927
2 0.384074 0.493036 0.015597 0.036393
2 0.373839 0.495636 0.024370 0.034660
2 0.361654 0.509500 0.031194 0.055456
2 0.462059 0.432381 0.007798 0.015597
2 0.465958 0.447978 0.015597 0.022529
2 0.476194 0.493903 0.020471 0.038126
2 0.485454 0.515565 0.031194 0.081451
2 0.502026 0.525963 0.042892 0.077985
2 0.533220 0.533761 0.052640 0.103980
2 0.340208 0.515565 0.042892 0.057189
2 0.598532 0.551958 0.124775 0.143838
2 0.963598 0.783312 0.071161 0.291143
