2 0.368482 0.476146 0.029014 0.048024
2 0.339468 0.472589 0.011005 0.023123
2 0.334465 0.479704 0.013006 0.030237
2 0.324961 0.482372 0.010005 0.024901
2 0.318457 0.481482 0.013006 0.033794
2 0.305451 0.483261 0.025012 0.037352
2 0.288443 0.487708 0.031015 0.042688
2 0.204401 0.480593 0.045022 0.067589
2 0.142871 0.510830 0.082041 0.103162
2 0.241920 0.519723 0.116057 0.128063
2 0.433014 0.464585 0.014007 0.017787
2 0.438016 0.469921 0.014007 0.021344
2 0.445020 0.474368 0.016008 0.030237
2 0.457526 0.486818 0.023011 0.044466
2 0.476035 0.495712 0.028014 0.058696
2 0.489542 0.511719 0.023011 0.065810
2 0.511553 0.507273 0.049024 0.128063
2 0.543068 0.517055 0.078039 0.161858
2 0.638616 0.540178 0.187092 0.247233
2 0.832711 0.670020 0.333165 0.450000
