0 0.289592 0.611557 0.005850 0.033282
0 0.329960 0.595956 0.007020 0.035362
0 0.346341 0.606356 0.004680 0.035362
0 0.299538 0.594916 0.011701 0.062404
2 0.420640 0.602196 0.024571 0.031202
2 0.566314 0.537712 0.077225 0.031202
2 0.842919 0.567874 0.056163 0.091525
2 0.775054 0.567874 0.105306 0.074884
2 0.556942 0.772356 0.326660 0.452231
2 0.389516 0.603444 0.036272 0.035362
2 0.134792 0.617589 0.075353 0.052003
2 0.056581 0.633971 0.113162 0.124412
2 0.477811 0.532059 0.004467 0.021176
0 0.289605 0.610147 0.010423 0.034412
