2 0.382332 0.495481 0.009471 0.015306
2 0.352629 0.519206 0.008610 0.019898
2 0.344449 0.524563 0.011193 0.015306
2 0.339714 0.529155 0.013776 0.021429
2 0.334118 0.533747 0.014636 0.018367
2 0.375014 0.513849 0.015497 0.012245
3 0.396108 0.534512 0.023246 0.032143
2 0.323499 0.539541 0.020663 0.022959
2 0.401847 0.497449 0.013776 0.018367
2 0.405291 0.549490 0.015497 0.021429
2 0.418205 0.549490 0.013776 0.024490
2 0.375587 0.542602 0.028412 0.041327
2 0.450922 0.538776 0.056824 0.085714
2 0.427245 0.492122 0.014636 0.026020
3 0.301517 0.533383 0.034246 0.050294
