2 0.111888 0.336420 0.223776 0.373463
2 0.014560 0.535621 0.027673 0.268006
2 0.264705 0.331897 0.165223 0.179421
2 0.361242 0.286350 0.018720 0.027492
2 0.350661 0.289968 0.017092 0.037621
2 0.342522 0.295755 0.020348 0.046302
2 0.421197 0.289389 0.011395 0.011576
2 0.408174 0.285772 0.017906 0.018810
2 0.398000 0.287942 0.007325 0.020257
2 0.472473 0.285772 0.022789 0.044855
2 0.481833 0.295177 0.031742 0.046302
2 0.507471 0.298071 0.042323 0.066559
2 0.771176 0.397910 0.227894 0.243087
2 0.855366 0.515871 0.289075 0.463868
2 0.436661 0.281431 0.021162 0.033280
2 0.388233 0.285048 0.026859 0.031833
2 0.574211 0.314710 0.113947 0.149035
