0 0.165066 0.495809 0.026869 0.073130
0 0.848505 0.531347 0.009360 0.046590
0 0.820115 0.523028 0.014975 0.036606
0 0.903103 0.530793 0.026207 0.061011
0 0.836962 0.543550 0.017471 0.075431
0 0.487884 0.497514 0.004368 0.021076
0 0.449822 0.495850 0.005616 0.024404
2 0.521797 0.497514 0.006240 0.011093
2 0.515869 0.502506 0.010608 0.027732
2 0.540828 0.509162 0.023087 0.043262
2 0.547692 0.519700 0.015599 0.042153
2 0.569843 0.524137 0.034942 0.070994
2 0.739876 0.550760 0.028079 0.070994
2 0.650882 0.527703 0.014351 0.035497
2 0.687696 0.538241 0.077997 0.105382
4 0.295395 0.481984 0.112939 0.136442
2 0.378595 0.539112 0.079869 0.097617
2 0.504014 0.510271 0.023711 0.033279
2 0.608529 0.544659 0.081740 0.122021
2 0.781370 0.556861 0.090476 0.086524
2 0.949806 0.579601 0.100387 0.180813
4 0.536773 0.490304 0.019967 0.046590
0 0.137118 0.477547 0.013103 0.051027
0 0.457216 0.489195 0.011855 0.025514
2 0.484306 0.495590 0.010717 0.017692
