2 0.433237 0.449677 0.012855 0.029383
2 0.420841 0.449677 0.011937 0.029383
2 0.411199 0.448861 0.014692 0.034281
2 0.399262 0.452126 0.016528 0.037545
2 0.390080 0.454574 0.018365 0.045707
2 0.381816 0.457023 0.020201 0.047340
2 0.354269 0.463552 0.045911 0.053869
2 0.306521 0.471714 0.040402 0.070193
2 0.248214 0.483957 0.100087 0.104474
2 0.189447 0.502730 0.098250 0.106106
2 0.089360 0.528849 0.122124 0.145284
2 0.015067 0.536194 0.030135 0.137122
2 0.536997 0.444780 0.007346 0.029383
2 0.546179 0.448045 0.009182 0.035913
2 0.557657 0.447228 0.011937 0.040810
2 0.568217 0.456207 0.011019 0.048972
2 0.592550 0.457839 0.019283 0.035913
