2 0.457672 0.528562 0.010723 0.017330
2 0.452798 0.538960 0.010723 0.024262
2 0.415268 0.551091 0.015597 0.038126
2 0.402596 0.555424 0.023395 0.053723
2 0.383587 0.556290 0.034118 0.055456
2 0.355317 0.569288 0.053614 0.077985
2 0.310964 0.581419 0.077985 0.098781
2 0.232004 0.600482 0.142322 0.147304
2 0.528346 0.545892 0.011698 0.020796
0 0.611205 0.543293 0.007798 0.032927
2 0.621440 0.547625 0.016572 0.038126
2 0.654583 0.583152 0.086758 0.112644
2 0.803632 0.558023 0.056539 0.051990
2 0.861633 0.564089 0.043866 0.050257
2 0.903062 0.567555 0.042892 0.039859
2 0.949853 0.571021 0.054589 0.050257
2 0.089525 0.641207 0.179050 0.367394
2 0.986895 0.574833 0.025345 0.043325
2 0.722820 0.624744 0.140372 0.149037
2 0.478533 0.547972 0.043866 0.072786
2 0.442465 0.541907 0.018521 0.025995
3 0.506413 0.525096 0.038018 0.083184
