2 0.721669 0.628593 0.026367 0.065625
2 0.557929 0.594609 0.013184 0.021094
2 0.540527 0.629531 0.031113 0.065625
2 0.519829 0.605156 0.014502 0.028125
2 0.487529 0.603984 0.010547 0.021094
2 0.473686 0.601640 0.014502 0.021094
2 0.415678 0.614531 0.011865 0.018750
2 0.340268 0.627890 0.035068 0.031406
2 0.314560 0.631406 0.020566 0.043125
2 0.293071 0.630937 0.022412 0.032812
2 0.273955 0.630937 0.018457 0.032812
2 0.248906 0.630937 0.021094 0.032812
2 0.211992 0.634453 0.068555 0.030469
2 0.067764 0.654531 0.077519 0.041875
2 0.627539 0.650000 0.197754 0.178125
1 0.971301 0.591796 0.038232 0.135937
6 0.969521 0.628593 0.058008 0.107812
0 0.717055 0.598125 0.009229 0.028125
