2 0.516269 0.609375 0.018457 0.028125
2 0.532749 0.614062 0.014502 0.023437
2 0.536704 0.622265 0.017139 0.021094
2 0.591416 0.625781 0.015820 0.023437
2 0.627670 0.590625 0.014502 0.014062
2 0.646787 0.589453 0.039551 0.016406
2 0.684360 0.611718 0.054053 0.060937
2 0.711386 0.600000 0.021094 0.028125
2 0.760825 0.588281 0.009229 0.023437
2 0.727207 0.592968 0.013184 0.028125
2 0.746323 0.589453 0.022412 0.025781
2 0.975453 0.592968 0.046143 0.056250
2 0.974448 0.782812 0.050098 0.239062
2 0.869639 0.680859 0.251806 0.241406
4 0.504536 0.594843 0.019775 0.023437
2 0.490693 0.597187 0.010547 0.014062
2 0.440332 0.620625 0.010547 0.023437
3 0.421347 0.619687 0.022676 0.035625
2 0.492407 0.659531 0.090967 0.117187
2 0.405395 0.633750 0.027686 0.028125
2 0.627934 0.635156 0.077783 0.075000
0 0.835312 0.550781 0.013184 0.032812
2 0.011389 0.696308 0.020593 0.115932
