2 0.641033 0.423489 0.047031 0.106042
2 0.709859 0.431646 0.138798 0.167221
2 0.852481 0.463255 0.258096 0.242674
2 0.488470 0.397998 0.044737 0.059139
2 0.462660 0.393920 0.022942 0.042825
2 0.373761 0.392900 0.024089 0.040785
2 0.311818 0.386782 0.019501 0.036707
2 0.036325 0.393920 0.072649 0.087689
2 0.112224 0.398678 0.074561 0.059139
2 0.188505 0.397659 0.068826 0.061178
2 0.250448 0.388482 0.027530 0.030589
2 0.280273 0.389501 0.034413 0.036707
2 0.343363 0.404796 0.055060 0.075453
2 0.410468 0.430287 0.086032 0.114199
2 0.565134 0.412953 0.119298 0.157024
2 0.975793 0.537009 0.045884 0.252870
