2 0.290005 0.433248 0.022421 0.055456
2 0.320224 0.446245 0.039967 0.074519
2 0.380175 0.436714 0.023395 0.048524
2 0.402108 0.448845 0.032169 0.062388
2 0.425504 0.456643 0.043866 0.064121
2 0.478143 0.458376 0.086758 0.119576
2 0.533220 0.492170 0.116977 0.117843
2 0.660432 0.527696 0.188138 0.216624
2 0.213483 0.425449 0.027295 0.036393
2 0.179852 0.450578 0.034118 0.076252
2 0.198373 0.443646 0.039967 0.058922
2 0.228592 0.421117 0.016572 0.034660
2 0.252963 0.408120 0.034118 0.036393
2 0.258324 0.439313 0.052640 0.088383
2 0.348494 0.456643 0.057514 0.084917
2 0.156944 0.441913 0.044841 0.114377
4 0.078472 0.446245 0.156944 0.185430
2 0.014622 0.543293 0.029244 0.126508
