2 0.424886 0.603554 0.017995 0.029858
2 0.412290 0.602488 0.019194 0.023460
2 0.394295 0.605687 0.023993 0.034123
2 0.375701 0.611019 0.027592 0.031990
2 0.357106 0.614218 0.038389 0.042654
2 0.308521 0.621682 0.075578 0.078910
2 0.156166 0.646208 0.221934 0.213270
2 0.485468 0.611019 0.021594 0.027725
2 0.509461 0.604620 0.016795 0.027725
2 0.523857 0.602488 0.016795 0.027725
2 0.532854 0.604620 0.015595 0.027725
2 0.547250 0.607820 0.025193 0.038389
2 0.559846 0.615284 0.023993 0.053317
2 0.588038 0.609952 0.041988 0.085308
2 0.615630 0.623815 0.056383 0.091706
2 0.707402 0.622748 0.139159 0.170616
2 0.883692 0.741113 0.232615 0.386019
