0 0.075548 0.304140 0.022421 0.032927
0 0.786707 0.433148 0.076759 0.213535
0 0.635250 0.369705 0.011698 0.072786
0 0.622577 0.374037 0.013647 0.081451
0 0.501214 0.354108 0.012673 0.041592
0 0.586997 0.369705 0.026320 0.107445
2 0.253450 0.371438 0.017547 0.041592
0 0.254425 0.374037 0.009748 0.032927
2 0.220550 0.367394 0.054589 0.071053
2 0.432084 0.377792 0.029244 0.057189
2 0.298047 0.392523 0.042892 0.090116
2 0.363725 0.411709 0.129649 0.201027
2 0.974790 0.375316 0.047766 0.041592
2 0.869179 0.443770 0.257659 0.209692
2 0.476584 0.390790 0.065312 0.077985
