0 0.909189 0.612187 0.040869 0.150000
2 0.433262 0.625078 0.014502 0.039844
2 0.416783 0.626250 0.026367 0.051562
2 0.398326 0.632109 0.026367 0.058594
2 0.378550 0.633281 0.034277 0.056250
2 0.346910 0.642656 0.055371 0.075000
2 0.299449 0.649687 0.058008 0.089062
2 0.555869 0.613359 0.014502 0.021094
0 0.572349 0.605156 0.010547 0.037500
2 0.589488 0.618046 0.044824 0.067969
2 0.601353 0.626250 0.042187 0.075000
2 0.623106 0.630937 0.046143 0.093750
2 0.457822 0.619971 0.024071 0.039006
2 0.515659 0.635625 0.087012 0.117187
2 0.681773 0.639140 0.108105 0.124219
2 0.209800 0.657890 0.139746 0.161719
2 0.033709 0.697734 0.067418 0.185156
2 0.978403 0.749296 0.042187 0.114844
