2 0.038505 0.644673 0.077010 0.076252
2 0.006824 0.624744 0.013647 0.019063
2 0.086270 0.624744 0.034118 0.060655
2 0.127212 0.614346 0.047766 0.060655
2 0.164255 0.597016 0.024370 0.046791
2 0.210071 0.577953 0.065312 0.084917
2 0.245652 0.570154 0.019496 0.045058
2 0.337284 0.525963 0.023395 0.032927
2 0.727207 0.462709 0.116977 0.128241
2 0.499589 0.483505 0.028269 0.048524
2 0.667256 0.460976 0.065312 0.100514
2 0.631188 0.467908 0.038018 0.083184
2 0.613642 0.477439 0.012673 0.057189
2 0.605843 0.471374 0.030219 0.062388
2 0.517136 0.461842 0.010723 0.015597
2 0.381637 0.499968 0.012673 0.022529
2 0.395772 0.499968 0.007798 0.019063
2 0.368965 0.504301 0.008773 0.017330
4 0.417705 0.473107 0.020471 0.027728
2 0.408444 0.494769 0.013647 0.015597
2 0.327595 0.521823 0.019378 0.041978
