2 0.029983 0.517431 0.007020 0.012481
2 0.038466 0.519511 0.009946 0.016641
2 0.047534 0.519511 0.009361 0.020801
2 0.053969 0.521591 0.014041 0.016641
2 0.048412 0.536152 0.006435 0.016641
2 0.061575 0.531992 0.021061 0.029122
2 0.064500 0.543432 0.017551 0.031202
2 0.065378 0.552793 0.007605 0.031202
2 0.076493 0.553833 0.021646 0.047843
2 0.089657 0.558513 0.023401 0.055123
2 0.098725 0.563193 0.020476 0.060324
2 0.122711 0.566834 0.043878 0.080085
2 0.135289 0.570474 0.036272 0.089445
2 0.168344 0.575674 0.069619 0.108166
2 0.220997 0.592835 0.102381 0.165370
2 0.008337 0.512230 0.009361 0.012481
2 0.020915 0.494549 0.007605 0.006240
2 0.021793 0.502350 0.009361 0.009361
2 0.336249 0.619357 0.222898 0.241294
0 0.514033 0.582402 0.070204 0.286017
0 0.607053 0.566801 0.081905 0.286017
2 0.842742 0.807608 0.313579 0.321379
