2 0.419978 0.363804 0.020487 0.016996
2 0.402223 0.358948 0.025950 0.031565
2 0.379688 0.357734 0.027316 0.038849
2 0.348958 0.352878 0.047802 0.053417
2 0.317545 0.357734 0.020487 0.043705
2 0.247890 0.355306 0.036876 0.058273
2 0.279303 0.361376 0.075118 0.065558
2 0.146822 0.355306 0.069655 0.067986
2 0.542216 0.377159 0.016389 0.024281
2 0.057363 0.363804 0.114726 0.123831
2 0.570897 0.374326 0.060094 0.101169
2 0.529241 0.372302 0.012292 0.038849
2 0.494414 0.380396 0.071021 0.114928
2 0.927540 0.442778 0.143412 0.228576
