2 0.387486 0.536361 0.016572 0.015597
2 0.333872 0.546759 0.016572 0.036393
2 0.316813 0.554557 0.015597 0.031194
2 0.298291 0.561489 0.023395 0.045058
2 0.264173 0.564089 0.033143 0.060655
2 0.224693 0.571887 0.059463 0.069320
2 0.152557 0.584018 0.067262 0.114377
2 0.090657 0.597882 0.079934 0.124775
2 0.028269 0.595283 0.056539 0.175032
2 0.428428 0.558023 0.051665 0.079718
2 0.464983 0.539827 0.021446 0.032927
2 0.490816 0.547625 0.041917 0.048524
2 0.521522 0.554557 0.038992 0.062388
2 0.538094 0.563222 0.040942 0.065854
2 0.588297 0.551091 0.080909 0.110911
2 0.645810 0.578819 0.116002 0.124775
2 0.738417 0.599615 0.176440 0.166367
2 0.816889 0.519031 0.070186 0.050257
2 0.893899 0.662003 0.210558 0.374326
