0 0.110264 0.509062 0.030322 0.107812
0 0.073350 0.503203 0.038232 0.133594
2 0.404258 0.503203 0.014502 0.039844
2 0.398985 0.507890 0.014502 0.035156
2 0.387779 0.505547 0.021094 0.063281
2 0.366026 0.523125 0.043506 0.089062
2 0.484678 0.496172 0.014502 0.016406
2 0.486656 0.514922 0.015820 0.044531
2 0.499180 0.517265 0.025049 0.053906
2 0.507749 0.523125 0.029004 0.060937
2 0.526865 0.523125 0.032959 0.065625
2 0.551255 0.534843 0.050098 0.084375
2 0.571690 0.561796 0.038232 0.096094
2 0.634312 0.573515 0.139746 0.180469
2 0.466880 0.511406 0.031641 0.046875
2 0.433262 0.497343 0.019775 0.028125
2 0.318565 0.537187 0.085693 0.126562
6 0.698252 0.619218 0.156885 0.173437
