2 0.122789 0.534843 0.094922 0.056250
2 0.065440 0.530156 0.064600 0.056250
2 0.373936 0.525468 0.027686 0.065625
2 0.364048 0.543046 0.031641 0.077344
2 0.319883 0.543046 0.083057 0.138281
2 0.499180 0.511406 0.014502 0.032812
2 0.537412 0.513750 0.032959 0.032812
2 0.567075 0.540703 0.034277 0.053906
2 0.522251 0.548906 0.047461 0.070312
2 0.602012 0.548906 0.067236 0.075000
2 0.233531 0.586406 0.171387 0.182812
2 0.441172 0.586406 0.135791 0.229687
2 0.645518 0.599296 0.151611 0.166406
2 0.006682 0.527812 0.013365 0.060937
2 0.944785 0.831328 0.109424 0.302344
