2 0.282505 0.502768 0.021094 0.041250
2 0.344883 0.487768 0.023203 0.048750
2 0.386015 0.478393 0.016875 0.041250
2 0.477547 0.475580 0.013711 0.028125
2 0.544520 0.469955 0.012656 0.016875
2 0.549793 0.482143 0.010547 0.022500
2 0.580379 0.474643 0.008437 0.022500
2 0.570360 0.471830 0.009492 0.028125
2 0.623621 0.482143 0.018984 0.045000
2 0.642078 0.482143 0.020039 0.041250
2 0.407559 0.481783 0.026294 0.036781
2 0.445982 0.476518 0.014766 0.030000
2 0.364851 0.483661 0.023363 0.029286
2 0.312187 0.502768 0.050625 0.071250
2 0.384947 0.478976 0.016828 0.034916
2 0.523577 0.507455 0.061172 0.076875
2 0.597932 0.489643 0.034805 0.056250
2 0.677562 0.547237 0.107882 0.152688
2 0.562695 0.486830 0.014725 0.028125
2 0.459618 0.469955 0.013711 0.024375
2 0.097814 0.553765 0.195629 0.188245
2 0.429121 0.479605 0.018932 0.033657
2 0.493278 0.471191 0.016828 0.024307
2 0.517995 0.441274 0.011569 0.013089
2 0.523780 0.450623 0.010518 0.013089
