0 0.428263 0.411760 0.015591 0.087575
2 0.154507 0.375366 0.014622 0.010398
2 0.152070 0.389230 0.015597 0.017330
2 0.193987 0.389230 0.013647 0.024262
2 0.206659 0.398761 0.019496 0.029461
2 0.233954 0.390963 0.037043 0.069320
2 0.236878 0.407426 0.011698 0.036393
2 0.247114 0.414358 0.016572 0.043325
2 0.261736 0.410892 0.024370 0.057189
0 0.182776 0.395122 0.010723 0.045058
0 0.128675 0.412019 0.015597 0.050257
0 0.113565 0.406776 0.008773 0.043238
0 0.104792 0.402401 0.008773 0.041592
0 0.945028 0.487264 0.077185 0.417054
2 0.153279 0.407704 0.018721 0.024961
