3 0.806386 0.412905 0.384953 0.721803
0 0.533174 0.525231 0.014041 0.056163
0 0.556576 0.518991 0.009361 0.060324
0 0.567691 0.518991 0.008190 0.056163
0 0.575882 0.528352 0.008190 0.054083
0 0.586412 0.525231 0.010531 0.056163
2 0.238841 0.518843 0.010531 0.020801
2 0.251711 0.521963 0.019891 0.035362
2 0.223045 0.526123 0.025742 0.035362
2 0.156351 0.530283 0.025742 0.047843
2 0.173902 0.543804 0.053823 0.074884
2 0.278623 0.546924 0.052653 0.072804
2 0.385684 0.551084 0.070204 0.081125
2 0.497426 0.552125 0.064354 0.091525
2 0.201252 0.515524 0.014041 0.022881
