2 0.058836 0.514139 0.115801 0.096072
2 0.168321 0.469846 0.034389 0.034935
2 0.191481 0.489185 0.072288 0.053651
2 0.247978 0.489185 0.058953 0.053651
2 0.288103 0.480718 0.032525 0.041707
2 0.342374 0.479827 0.072288 0.044917
2 0.397467 0.481075 0.021055 0.032440
2 0.850846 0.706907 0.297574 0.571442
2 0.732238 0.525992 0.074393 0.094824
4 0.655388 0.482589 0.069481 0.129227
2 0.534791 0.477865 0.007018 0.019963
2 0.544265 0.482856 0.016142 0.022458
2 0.591639 0.496580 0.029477 0.032440
2 0.535493 0.476617 0.009826 0.017468
4 0.550933 0.463517 0.016844 0.031192
3 0.600653 0.460397 0.044215 0.092329
2 0.517369 0.476617 0.016142 0.034935
2 0.564743 0.488470 0.029477 0.046164
2 0.614572 0.530268 0.067375 0.077357
2 0.125751 0.497828 0.065270 0.062384
