0 0.270997 0.521631 0.011698 0.069320
0 0.251013 0.516432 0.012673 0.055456
0 0.238341 0.519031 0.008773 0.060655
0 0.220307 0.526829 0.015597 0.076252
0 0.193012 0.522497 0.023395 0.074519
0 0.713072 0.535494 0.020471 0.076252
0 0.690651 0.538094 0.018521 0.071053
0 0.649709 0.519031 0.014622 0.032927
0 0.612179 0.528562 0.015597 0.065854
0 0.594633 0.525963 0.013647 0.064121
0 0.580498 0.525963 0.012673 0.067587
0 0.568313 0.529429 0.013647 0.050257
0 0.559540 0.528562 0.009748 0.051990
0 0.550279 0.521631 0.010723 0.048524
2 0.008286 0.554557 0.016572 0.103980
2 0.934841 0.631675 0.126725 0.244352
2 0.814452 0.611746 0.180339 0.176765
2 0.354830 0.507767 0.007798 0.024262
2 0.347519 0.517298 0.016572 0.046791
2 0.339721 0.519031 0.018521 0.057189
2 0.329485 0.521631 0.019496 0.055456
2 0.303653 0.526829 0.055564 0.055456
2 0.441101 0.682799 0.293417 0.398588
