2 0.383544 0.495810 0.008414 0.020568
2 0.377234 0.497680 0.012621 0.024307
2 0.363561 0.505160 0.025242 0.043006
2 0.319912 0.504225 0.017880 0.029917
2 0.360405 0.513574 0.018932 0.044875
2 0.202640 0.521988 0.056795 0.069183
2 0.115168 0.537258 0.091504 0.097230
2 0.257157 0.518560 0.059951 0.082272
2 0.340772 0.518248 0.039967 0.054224
2 0.412818 0.527597 0.068365 0.099100
2 0.848431 0.530011 0.212469 0.157528
0 0.604766 0.532583 0.037864 0.200069
0 0.291339 0.509211 0.008414 0.044875
0 0.301857 0.508276 0.006311 0.039266
