2 0.055273 0.505619 0.045411 0.053821
2 0.120867 0.543742 0.126142 0.130066
2 0.196552 0.523559 0.085777 0.112126
2 0.036983 0.556076 0.071901 0.163704
2 0.349301 0.507508 0.012849 0.053115
2 0.429284 0.505619 0.011353 0.049336
4 0.473434 0.471981 0.018921 0.035880
4 0.503077 0.485436 0.045411 0.121096
4 0.457666 0.523559 0.058025 0.089701
2 0.381981 0.511225 0.040365 0.056063
2 0.323325 0.512347 0.041627 0.058306
2 0.841768 0.667998 0.314093 0.383471
0 0.247238 0.511295 0.012614 0.065033
2 0.362283 0.505455 0.010729 0.040267
2 0.421888 0.510753 0.008345 0.016954
2 0.413543 0.508634 0.010729 0.016954
2 0.405199 0.509694 0.008345 0.019074
2 0.530251 0.505455 0.016690 0.031790
0 0.548371 0.521350 0.009537 0.059341
