2 0.512344 0.478948 0.013456 0.022881
2 0.498888 0.483629 0.018136 0.040562
2 0.487188 0.488829 0.015796 0.040562
2 0.476364 0.495069 0.016381 0.038482
2 0.456766 0.497149 0.032177 0.065524
2 0.428977 0.505470 0.049143 0.086325
2 0.393875 0.516391 0.077225 0.106086
2 0.321623 0.544992 0.078980 0.154969
2 0.556222 0.485189 0.011701 0.016641
2 0.579623 0.489869 0.036857 0.048883
2 0.585766 0.498190 0.030422 0.048883
2 0.595419 0.505990 0.018136 0.041602
2 0.613848 0.511190 0.036272 0.070724
2 0.665038 0.521071 0.115252 0.142488
2 0.775662 0.554947 0.220558 0.218413
2 0.151641 0.560177 0.303282 0.334900
2 0.866840 0.628592 0.262927 0.376961
