2 0.096504 0.517098 0.121289 0.091875
2 0.063809 0.538661 0.127617 0.075000
0 0.047988 0.535848 0.032695 0.144375
2 0.425039 0.498348 0.018984 0.035625
2 0.400781 0.498348 0.021094 0.058125
0 0.406582 0.498750 0.011602 0.054375
2 0.374941 0.504375 0.047461 0.069375
2 0.471972 0.502500 0.013711 0.024375
2 0.447715 0.504375 0.039023 0.050625
2 0.501504 0.499687 0.032695 0.041250
2 0.543691 0.502500 0.026367 0.031875
4 0.751992 0.531562 0.216211 0.225000
2 0.940254 0.638437 0.116016 0.296250
2 0.842695 0.495000 0.068555 0.058125
1 0.587988 0.493125 0.020039 0.035625
5 0.587461 0.519375 0.018984 0.024375
2 0.185098 0.509062 0.081211 0.056250
