2 0.300123 0.550713 0.010531 0.022881
2 0.290762 0.552793 0.012871 0.018721
2 0.283157 0.553833 0.009361 0.016641
2 0.274381 0.551753 0.015211 0.020801
2 0.259756 0.549673 0.021061 0.029122
2 0.245130 0.543433 0.015211 0.037442
2 0.222898 0.545513 0.033932 0.041602
2 0.197157 0.546553 0.024571 0.052003
2 0.174925 0.547593 0.036272 0.062404
2 0.147429 0.551753 0.035102 0.070724
2 0.091851 0.546553 0.083075 0.110247
2 0.037442 0.560074 0.074884 0.124807
2 0.311239 0.542393 0.021061 0.052003
2 0.367402 0.548633 0.009361 0.035362
2 0.383198 0.549673 0.031592 0.041602
2 0.336980 0.547593 0.051483 0.066564
2 0.439361 0.556953 0.047973 0.081125
2 0.513661 0.559034 0.126368 0.156009
2 0.872495 0.668760 0.252735 0.422265
