0 0.773438 0.468878 0.018941 0.048980
0 0.739286 0.516582 0.039605 0.176020
0 0.826244 0.430868 0.022385 0.065816
0 0.096142 0.520408 0.012054 0.036735
0 0.080214 0.510459 0.012915 0.022959
0 0.006314 0.513521 0.012628 0.026020
0 0.166311 0.525766 0.014636 0.068878
0 0.171476 0.527041 0.014636 0.070408
5 0.267475 0.532143 0.013776 0.045918
2 0.277601 0.532325 0.013776 0.047449
2 0.438603 0.516254 0.013776 0.021429
2 0.424827 0.519315 0.018941 0.030612
4 0.486386 0.501713 0.033578 0.075000
2 0.512216 0.516691 0.043909 0.064286
2 0.352075 0.541400 0.147226 0.217347
2 0.058730 0.577369 0.117461 0.142347
2 0.614302 0.542384 0.159279 0.209694
2 0.855320 0.544898 0.286703 0.642857
