2 0.219117 0.539940 0.116231 0.123980
2 0.291869 0.518511 0.089541 0.093367
2 0.346540 0.523868 0.038744 0.048980
2 0.383562 0.513919 0.037022 0.044388
2 0.395185 0.503205 0.036161 0.050510
2 0.425319 0.507031 0.017219 0.024490
2 0.559630 0.507031 0.010332 0.045918
2 0.516438 0.504536 0.010619 0.019499
2 0.484869 0.509184 0.024968 0.039796
2 0.442682 0.507653 0.012915 0.021429
2 0.453875 0.505102 0.009471 0.012245
2 0.518878 0.506633 0.006888 0.018367
2 0.505963 0.505868 0.012054 0.013776
2 0.531792 0.511225 0.017219 0.027551
2 0.617459 0.536225 0.054241 0.061225
4 0.597657 0.484949 0.069739 0.123980
0 0.605405 0.476786 0.014636 0.047449
0 0.646732 0.515051 0.011193 0.050510
0 0.663951 0.515817 0.011193 0.067347
0 0.677296 0.511990 0.010332 0.044388
0 0.694946 0.511225 0.012915 0.045918
0 0.717762 0.512755 0.012054 0.061225
0 0.748326 0.524235 0.012915 0.062755
0 0.785778 0.524235 0.020663 0.081122
0 0.799984 0.514286 0.012915 0.055102
0 0.831840 0.535715 0.019802 0.101020
0 0.709152 0.522904 0.012054 0.084582
0 0.767842 0.524434 0.019228 0.105214
