2 0.394189 0.496875 0.010547 0.014062
2 0.383642 0.495703 0.010547 0.016406
2 0.373095 0.494531 0.010547 0.018750
2 0.359912 0.496875 0.013184 0.018750
2 0.345410 0.499218 0.015820 0.023437
2 0.328271 0.496875 0.018457 0.032812
2 0.315747 0.502734 0.019775 0.025781
2 0.286743 0.505078 0.030322 0.039844
2 0.249170 0.498047 0.052734 0.030469
2 0.229394 0.492187 0.026367 0.018750
2 0.456811 0.493359 0.011865 0.016406
2 0.466040 0.491015 0.006592 0.021094
2 0.472632 0.489843 0.006592 0.023437
2 0.479882 0.492187 0.010547 0.023437
2 0.498340 0.498047 0.034277 0.049219
2 0.525366 0.471093 0.009229 0.018750
2 0.555688 0.514453 0.077783 0.091406
2 0.595503 0.493359 0.022412 0.035156
2 0.615278 0.507422 0.043506 0.044531
2 0.707167 0.513281 0.116016 0.126562
2 0.028526 0.529687 0.051416 0.056250
