0 0.028269 0.516432 0.029244 0.152503
0 0.059951 0.522497 0.026320 0.126508
0 0.947513 0.564955 0.089682 0.318870
0 0.870991 0.531162 0.047766 0.133440
5 0.114540 0.532028 0.016572 0.051990
5 0.106254 0.533761 0.015597 0.048524
5 0.095044 0.532895 0.014622 0.050257
5 0.076035 0.537227 0.015597 0.055456
5 0.019496 0.535494 0.037043 0.065854
5 0.042404 0.536361 0.022421 0.057189
2 0.233954 0.533761 0.089682 0.097048
2 0.330460 0.537227 0.093582 0.090116
2 0.569288 0.548492 0.074085 0.091849
2 0.383099 0.528562 0.042892 0.076252
2 0.281719 0.533761 0.023395 0.065854
2 0.530295 0.542426 0.035093 0.062388
2 0.519085 0.532895 0.034118 0.064121
2 0.500564 0.533761 0.014622 0.034660
2 0.490816 0.529429 0.028269 0.046791
2 0.469857 0.533761 0.019496 0.034660
2 0.457185 0.525963 0.025345 0.036393
2 0.436227 0.529429 0.012673 0.022529
2 0.431352 0.525963 0.020471 0.029461
2 0.419167 0.525096 0.007798 0.024262
2 0.411369 0.526829 0.007798 0.027728
