2 0.293591 0.337500 0.006888 0.009184
2 0.284981 0.336735 0.008610 0.013776
2 0.275510 0.338265 0.010332 0.013776
2 0.263887 0.338265 0.016358 0.016837
2 0.242363 0.335204 0.030134 0.035204
2 0.209216 0.323725 0.018941 0.009184
2 0.204480 0.342857 0.043909 0.035204
2 0.119675 0.340561 0.101594 0.076531
2 0.341375 0.345919 0.009471 0.022959
2 0.373661 0.350510 0.015497 0.026020
2 0.311671 0.354337 0.008610 0.030612
2 0.032286 0.352806 0.064573 0.076531
4 0.177790 0.323342 0.062851 0.073469
4 0.745546 0.395970 0.504528 0.791939
2 0.355007 0.343878 0.015497 0.024490
2 0.324873 0.358419 0.032717 0.044388
2 0.390306 0.350765 0.020663 0.035204
