2 0.270263 0.403711 0.018457 0.014062
2 0.247192 0.406054 0.027686 0.014062
2 0.214233 0.403711 0.032959 0.014062
2 0.310473 0.407226 0.011865 0.011719
2 0.324975 0.404883 0.011865 0.011719
2 0.346728 0.406054 0.010547 0.009375
2 0.371118 0.402539 0.011865 0.007031
2 0.385620 0.406054 0.014502 0.009375
2 0.574804 0.402539 0.010547 0.011719
2 0.565576 0.402539 0.010547 0.011719
2 0.549755 0.402539 0.010547 0.011719
2 0.540527 0.402539 0.010547 0.011719
2 0.531958 0.402539 0.011865 0.011719
2 0.521411 0.406054 0.011865 0.014062
2 0.511523 0.406054 0.010547 0.014062
2 0.499658 0.406054 0.013184 0.014062
2 0.116016 0.421875 0.068555 0.051562
2 0.290698 0.417187 0.035596 0.032812
2 0.455493 0.440625 0.075146 0.117187
4 0.160840 0.393750 0.060644 0.046875
