2 0.022426 0.620037 0.044853 0.323390
2 0.065017 0.497240 0.129566 0.202881
2 0.166267 0.442325 0.163888 0.187627
2 0.281246 0.406478 0.088379 0.125085
2 0.335732 0.382071 0.073792 0.103729
2 0.387644 0.373681 0.031748 0.074746
2 0.415102 0.372156 0.028316 0.047288
2 0.432291 0.360684 0.023224 0.051803
2 0.481600 0.354613 0.017161 0.021356
2 0.509058 0.349274 0.008581 0.016780
2 0.522787 0.346986 0.018877 0.030508
2 0.535658 0.347749 0.015445 0.044237
2 0.552390 0.348512 0.019735 0.051864
2 0.565260 0.354613 0.030032 0.061017
2 0.569980 0.359190 0.013729 0.064068
2 0.609879 0.365291 0.078083 0.094576
2 0.907444 0.436325 0.184123 0.413592
0 0.155970 0.473596 0.066070 0.314237
2 0.498332 0.353088 0.016303 0.018305
2 0.457770 0.362797 0.007722 0.019831
2 0.066205 0.381260 0.080008 0.054898
2 0.442325 0.358220 0.021451 0.047288
2 0.057060 0.364322 0.048909 0.053390
