2 0.028063 0.529097 0.053640 0.054224
2 0.089591 0.528162 0.046278 0.044875
2 0.123774 0.539381 0.043122 0.041136
2 0.143231 0.544055 0.044174 0.035526
2 0.177940 0.552470 0.042071 0.026177
2 0.212122 0.547795 0.045226 0.043006
2 0.314144 0.559014 0.055744 0.039266
2 0.393026 0.565558 0.026294 0.026177
2 0.556576 0.606694 0.056795 0.074792
2 0.822673 0.607629 0.035760 0.035526
2 0.681210 0.594540 0.034708 0.031787
2 0.843708 0.605759 0.014725 0.013089
2 0.885253 0.610434 0.019984 0.018698
2 0.933108 0.612303 0.016828 0.014958
2 0.984645 0.616043 0.023139 0.018698
2 0.258926 0.550600 0.044174 0.044875
2 0.713289 0.596410 0.021035 0.020568
