2 0.712096 0.529322 0.018019 0.009153
2 0.695793 0.529322 0.012871 0.009153
2 0.653320 0.526271 0.017161 0.012203
2 0.632727 0.527034 0.012013 0.007627
2 0.588966 0.530085 0.022309 0.007627
2 0.545634 0.528559 0.024883 0.010678
2 0.392043 0.533135 0.014587 0.016780
2 0.407059 0.545339 0.017161 0.025932
2 0.371021 0.533135 0.010297 0.013729
2 0.361154 0.530085 0.007722 0.007627
2 0.351715 0.528559 0.011155 0.010678
2 0.328119 0.550678 0.020593 0.030508
2 0.299889 0.552203 0.040328 0.051864
2 0.352659 0.564411 0.053199 0.070178
2 0.426880 0.562119 0.042044 0.059492
4 0.324257 0.514983 0.033464 0.033559
2 0.838230 0.528559 0.018019 0.010678
