2 0.022195 0.668255 0.042060 0.172659
2 0.906221 0.820521 0.185829 0.354834
2 0.437170 0.599547 0.013765 0.024471
2 0.405051 0.603172 0.010706 0.019033
2 0.395874 0.604532 0.010706 0.021752
2 0.375227 0.612689 0.019883 0.043505
2 0.520525 0.604532 0.018353 0.038066
2 0.497102 0.611239 0.028295 0.040785
2 0.459248 0.610559 0.036707 0.058459
4 0.228696 0.518226 0.286773 0.441843
2 0.660238 0.613841 0.038236 0.099245
2 0.688151 0.592089 0.061943 0.069335
2 0.690063 0.632874 0.035177 0.063897
2 0.733652 0.621318 0.068826 0.103323
2 0.808596 0.615201 0.096356 0.134592
2 0.893098 0.638312 0.156769 0.137311
2 0.962330 0.613848 0.074179 0.137311
2 0.058803 0.634241 0.058119 0.172659
2 0.578819 0.626559 0.125074 0.182647
