2 0.385284 0.463010 0.007749 0.010714
2 0.392602 0.463776 0.012054 0.015306
2 0.402073 0.463776 0.013776 0.018367
2 0.593208 0.464541 0.020663 0.029082
2 0.607414 0.469133 0.009471 0.019898
2 0.578141 0.467602 0.019802 0.022959
2 0.560922 0.469898 0.018080 0.018367
2 0.765402 0.497449 0.016358 0.018367
2 0.804146 0.495919 0.043909 0.024490
2 0.826531 0.499745 0.016358 0.026020
2 0.531587 0.473287 0.043048 0.075000
2 0.454961 0.545991 0.144643 0.208163
2 0.019310 0.533747 0.037883 0.045918
2 0.007503 0.461042 0.015005 0.019898
2 0.022324 0.464104 0.021524 0.026020
2 0.066233 0.459512 0.014636 0.022959
