2 0.207603 0.446392 0.032474 0.041237
2 0.170490 0.448454 0.046392 0.049485
2 0.335180 0.452577 0.020876 0.024742
2 0.405348 0.453608 0.010438 0.047423
2 0.425065 0.457732 0.035954 0.047423
2 0.496972 0.438144 0.056830 0.032990
2 0.707474 0.448110 0.109021 0.086598
2 0.557861 0.458419 0.085825 0.049485
2 0.259237 0.446070 0.030155 0.030928
2 0.370577 0.460503 0.064948 0.080412
2 0.458722 0.462565 0.057990 0.059794
2 0.644289 0.472874 0.134536 0.105155
2 0.078309 0.470812 0.155412 0.175258
2 0.785204 0.438853 0.040593 0.053608
2 0.923799 0.504833 0.148454 0.210309
