2 0.147291 0.397913 0.135133 0.099921
2 0.228012 0.394725 0.028701 0.063780
2 0.265682 0.397559 0.044247 0.055276
2 0.296774 0.398976 0.046639 0.038268
2 0.622648 0.447874 0.100453 0.153071
2 0.660916 0.401102 0.043051 0.076535
2 0.580195 0.403228 0.020330 0.059528
2 0.532958 0.408543 0.033484 0.057402
2 0.553288 0.392599 0.038268 0.059528
4 0.896501 0.297992 0.203297 0.563386
2 0.391846 0.387284 0.031093 0.027638
2 0.503659 0.400039 0.022721 0.036142
2 0.442072 0.392599 0.040659 0.025512
2 0.619025 0.335906 0.015546 0.012756
