2 0.536924 0.405312 0.017755 0.026709
2 0.551264 0.402884 0.019121 0.021853
2 0.560825 0.413811 0.027316 0.033993
2 0.508242 0.413811 0.031413 0.024281
2 0.269913 0.353109 0.013658 0.009712
2 0.267864 0.366464 0.012292 0.016996
2 0.265133 0.379818 0.015024 0.009712
2 0.333422 0.402884 0.017755 0.016996
2 0.345031 0.411383 0.021853 0.019424
2 0.366201 0.405312 0.020487 0.016996
2 0.352543 0.419881 0.017755 0.016996
2 0.371664 0.422309 0.023218 0.016996
2 0.387370 0.416239 0.019121 0.019424
2 0.397614 0.430807 0.020487 0.019424
2 0.403760 0.421095 0.016389 0.014568
2 0.417418 0.432021 0.016389 0.021853
2 0.312935 0.385888 0.012292 0.016996
2 0.295180 0.385888 0.020487 0.016996
2 0.166113 0.382246 0.016389 0.019424
2 0.152456 0.391958 0.010926 0.029137
2 0.122408 0.407741 0.030047 0.036421
2 0.217330 0.333685 0.015024 0.019424
2 0.235085 0.333685 0.012292 0.014568
2 0.249426 0.333685 0.019121 0.014568
2 0.213916 0.339755 0.013658 0.016996
2 0.218696 0.366464 0.012292 0.016996
2 0.200941 0.378604 0.009560 0.021853
2 0.183869 0.355537 0.016389 0.019424
2 0.269913 0.394386 0.013658 0.019424
2 0.015877 0.356751 0.016389 0.016996
2 0.011780 0.370106 0.010926 0.014568
2 0.003158 0.359179 0.006317 0.026709
2 0.471366 0.408955 0.036876 0.029137
2 0.623651 0.413811 0.032779 0.024281
