2 0.516793 0.542913 0.018721 0.020801
2 0.450099 0.558513 0.014041 0.014561
2 0.372290 0.551233 0.010531 0.012481
2 0.172793 0.539792 0.014041 0.010401
2 0.187418 0.540832 0.017551 0.012481
2 0.220765 0.524191 0.011701 0.016641
2 0.232466 0.531472 0.011701 0.010401
2 0.249432 0.529392 0.012871 0.010401
2 0.148221 0.561634 0.016381 0.016641
2 0.161677 0.559554 0.019891 0.020801
2 0.224276 0.555393 0.011701 0.020801
2 0.256453 0.541872 0.026912 0.010401
2 0.303255 0.554353 0.010531 0.010401
2 0.364684 0.556433 0.011701 0.014561
2 0.420262 0.574114 0.015211 0.016641
