0 0.923497 0.417156 0.029174 0.045763
0 0.639482 0.412579 0.015445 0.036610
2 0.074026 0.564359 0.145869 0.300508
2 0.322861 0.487325 0.123559 0.189153
2 0.586712 0.525461 0.230816 0.231864
2 0.910197 0.544528 0.177616 0.224237
2 0.762183 0.484274 0.195636 0.176949
2 0.485891 0.466732 0.082373 0.126610
2 0.250785 0.456054 0.049767 0.074746
2 0.420250 0.437749 0.045477 0.059492
2 0.400944 0.434698 0.015445 0.044237
2 0.395366 0.424020 0.028316 0.050339
2 0.377776 0.424020 0.010297 0.025932
2 0.091616 0.441562 0.026600 0.033559
2 0.125938 0.440037 0.018019 0.018305
2 0.176992 0.427071 0.020593 0.016780
2 0.201018 0.428596 0.022309 0.016780
2 0.238772 0.418681 0.010297 0.024407
