2 0.641675 0.358114 0.084477 0.032648
2 0.643511 0.362195 0.071622 0.037545
2 0.656826 0.363827 0.085395 0.027751
2 0.672895 0.378519 0.099169 0.070193
2 0.727070 0.366276 0.185482 0.114268
2 0.727988 0.385790 0.159772 0.086518
2 0.764717 0.396401 0.161608 0.104474
2 0.836089 0.393136 0.284150 0.150181
2 0.861090 0.424968 0.265368 0.190992
2 0.904246 0.454352 0.188237 0.239964
2 0.932712 0.552296 0.131307 0.230169
4 0.545675 0.395890 0.150589 0.230169
4 0.457525 0.317535 0.091823 0.125695
4 0.452934 0.364875 0.089986 0.142019
2 0.376721 0.414663 0.132225 0.218742
2 0.124208 0.397523 0.060603 0.044075
2 0.082305 0.461187 0.164610 0.148549
2 0.212817 0.497916 0.320462 0.359129
