2 0.447254 0.478347 0.014350 0.012756
2 0.428120 0.476221 0.014350 0.012756
2 0.413172 0.470906 0.017938 0.014882
2 0.404203 0.480473 0.023917 0.025512
2 0.385069 0.477284 0.011959 0.014882
2 0.364739 0.477284 0.026309 0.019134
2 0.330657 0.482599 0.027505 0.042520
2 0.248740 0.468780 0.045443 0.044646
2 0.291791 0.485788 0.062185 0.065906
2 0.492338 0.490040 0.020330 0.027638
2 0.507884 0.485788 0.013155 0.019134
2 0.518049 0.497480 0.021526 0.034016
2 0.531802 0.488977 0.015546 0.021260
2 0.588008 0.554882 0.123174 0.182835
2 0.701615 0.561260 0.108824 0.110551
2 0.867003 0.512362 0.023917 0.036142
2 0.466552 0.494291 0.028701 0.044646
