0 0.422487 0.606868 0.015595 0.073452
0 0.483069 0.639455 0.038389 0.215403
2 0.578053 0.612796 0.093147 0.076777
2 0.679811 0.594668 0.117565 0.078910
2 0.769443 0.595734 0.085693 0.063981
2 0.255737 0.596801 0.015595 0.023460
2 0.229344 0.597867 0.013196 0.017062
2 0.216148 0.602132 0.008398 0.017062
2 0.204152 0.606398 0.008398 0.017062
2 0.196954 0.605331 0.010797 0.023460
2 0.173561 0.613862 0.035989 0.040521
2 0.151967 0.611729 0.011996 0.023460
2 0.132773 0.614928 0.021594 0.034123
2 0.085387 0.623459 0.080376 0.102370
2 0.268333 0.591469 0.009597 0.012796
2 0.277930 0.597867 0.009597 0.025592
2 0.282729 0.602132 0.014396 0.034123
0 0.321117 0.621327 0.019194 0.072512
2 0.297218 0.627012 0.043000 0.075351
0 0.987632 0.657656 0.023730 0.459375
