2 0.487633 0.463040 0.017604 0.021338
2 0.471629 0.465885 0.014403 0.024183
2 0.454025 0.465174 0.035208 0.065437
2 0.496435 0.474421 0.019204 0.027028
2 0.514039 0.488646 0.035208 0.046944
2 0.229973 0.475132 0.072017 0.062592
2 0.065535 0.463752 0.130430 0.113804
4 0.855783 0.524312 0.145634 0.250369
2 0.764962 0.517910 0.024806 0.027028
2 0.686967 0.695627 0.400893 0.432455
2 0.962231 0.782403 0.074417 0.264594
0 0.365826 0.486987 0.018404 0.088198
0 0.399834 0.470627 0.011203 0.044099
5 0.361025 0.553846 0.082419 0.119494
