2 0.358242 0.484371 0.114053 0.119576
2 0.410394 0.473973 0.037043 0.098781
2 0.437201 0.475706 0.030219 0.081451
2 0.449874 0.468774 0.020471 0.064121
2 0.467420 0.464442 0.026320 0.048524
2 0.479118 0.460976 0.012673 0.027728
2 0.488866 0.460109 0.008773 0.022529
2 0.498127 0.454910 0.013647 0.012131
2 0.926555 0.564955 0.139398 0.315404
2 0.804704 0.538960 0.199836 0.211425
2 0.639474 0.477439 0.079934 0.102247
2 0.595608 0.474840 0.011698 0.065854
2 0.584397 0.481772 0.010723 0.055456
2 0.574649 0.476573 0.008773 0.034660
2 0.569288 0.467041 0.035093 0.053723
2 0.546867 0.458376 0.005849 0.032927
2 0.539556 0.463575 0.010723 0.022529
2 0.516161 0.448845 0.010723 0.010398
