2 0.214034 0.534765 0.152506 0.127147
2 0.525883 0.497807 0.039967 0.055218
2 0.479175 0.489889 0.030692 0.033657
2 0.454459 0.488955 0.019123 0.028047
2 0.439638 0.480540 0.008414 0.014958
2 0.419655 0.479605 0.012621 0.009349
2 0.406508 0.477736 0.011569 0.013089
2 0.395990 0.478671 0.011569 0.014958
2 0.378636 0.480540 0.010518 0.011219
2 0.385998 0.481475 0.008414 0.013089
2 0.366541 0.484280 0.013673 0.007479
2 0.356549 0.484280 0.010518 0.011219
2 0.326048 0.491759 0.014725 0.007479
2 0.338143 0.485215 0.013673 0.016828
2 0.311323 0.484280 0.012621 0.018698
2 0.287658 0.483345 0.013673 0.013089
2 0.293969 0.491759 0.015776 0.014958
2 0.267149 0.491759 0.021035 0.022438
2 0.497486 0.482410 0.018932 0.029917
2 0.475924 0.474931 0.032605 0.014958
2 0.456467 0.461842 0.014725 0.007479
3 0.530090 0.460907 0.035760 0.043006
3 0.466458 0.430056 0.013673 0.007479
