2 0.495739 0.515593 0.072934 0.126610
2 0.594415 0.520169 0.052341 0.074746
2 0.752725 0.546864 0.100392 0.100678
2 0.690945 0.533898 0.060064 0.074746
2 0.653620 0.526271 0.026600 0.065593
2 0.630882 0.521695 0.022309 0.053390
2 0.531777 0.516356 0.018019 0.061017
2 0.549367 0.504152 0.032606 0.045763
2 0.471070 0.470974 0.013729 0.016780
2 0.461202 0.467161 0.012871 0.018305
2 0.454338 0.464110 0.009439 0.015254
2 0.320267 0.486229 0.061780 0.032034
2 0.432243 0.472500 0.007722 0.019831
2 0.418514 0.479364 0.014587 0.024407
2 0.396634 0.485466 0.024025 0.030508
2 0.445972 0.459534 0.007722 0.015254
