2 0.034694 0.568968 0.069388 0.045739
2 0.183996 0.568275 0.070168 0.030493
2 0.143212 0.575898 0.016079 0.012474
2 0.288559 0.568506 0.078840 0.047587
2 0.403341 0.553953 0.046251 0.035113
2 0.349281 0.531545 0.010915 0.020791
2 0.373060 0.536396 0.013254 0.019405
2 0.464591 0.542356 0.019491 0.034097
2 0.553938 0.582135 0.022610 0.030493
2 0.433093 0.524615 0.013254 0.015246
2 0.413602 0.525308 0.007017 0.011088
2 0.447049 0.525446 0.010915 0.012474
2 0.363510 0.526001 0.009356 0.016632
2 0.384170 0.528080 0.010135 0.012474
2 0.398204 0.524860 0.011695 0.018915
2 0.568946 0.584907 0.010135 0.020791
2 0.535032 0.572433 0.004678 0.018018
2 0.121430 0.573126 0.013254 0.011088
2 0.103888 0.573819 0.009356 0.009702
2 0.290749 0.538065 0.021323 0.015812
3 0.673646 0.535094 0.045919 0.025166
2 0.627615 0.543188 0.010915 0.012474
2 0.875542 0.520457 0.053016 0.034651
2 0.645888 0.540213 0.014396 0.027725
2 0.637491 0.537014 0.009597 0.025592
4 0.976722 0.570497 0.044387 0.177014
