2 0.398803 0.375000 0.017139 0.028125
2 0.382324 0.384375 0.018457 0.046875
2 0.326953 0.376172 0.023730 0.039844
2 0.410009 0.376172 0.013184 0.021094
2 0.423852 0.380859 0.014502 0.025781
2 0.465381 0.392578 0.015820 0.039844
2 0.477246 0.394922 0.010547 0.039844
2 0.493066 0.389062 0.031641 0.051562
2 0.503613 0.399609 0.039551 0.049219
2 0.544482 0.411328 0.031641 0.077344
2 0.580078 0.408984 0.079102 0.114844
2 0.589965 0.433593 0.064600 0.107812
2 0.660498 0.450000 0.118652 0.135937
2 0.757397 0.481640 0.185889 0.213281
2 0.887783 0.537890 0.224121 0.452343
2 0.444287 0.407812 0.050098 0.075000
2 0.354638 0.387890 0.047461 0.072656
3 0.290698 0.336328 0.025049 0.011719
3 0.292016 0.353906 0.030322 0.028125
0 0.307837 0.365234 0.006592 0.049219
