2 0.619290 0.541776 0.007993 0.021316
2 0.615294 0.547105 0.009992 0.021316
2 0.632779 0.542664 0.008993 0.015987
2 0.651264 0.542664 0.011990 0.019539
2 0.659257 0.549770 0.011990 0.019539
2 0.669749 0.556875 0.012989 0.023092
2 0.711215 0.584408 0.037969 0.067500
2 0.594810 0.558651 0.026978 0.040855
0 0.610298 0.566645 0.011990 0.046184
0 0.192142 0.608388 0.056953 0.197171
2 0.683737 0.561316 0.024979 0.035526
2 0.744687 0.597730 0.068943 0.090592
2 0.519373 0.598618 0.097919 0.124342
2 0.864588 0.647467 0.174856 0.207829
2 0.352510 0.661678 0.243799 0.303750
