0 0.739691 0.600395 0.022981 0.071053
2 0.387172 0.585296 0.014607 0.019539
2 0.374991 0.587072 0.010991 0.019539
4 0.446433 0.561316 0.051957 0.106579
2 0.520372 0.590625 0.015987 0.037303
2 0.536359 0.603947 0.027977 0.053289
2 0.696727 0.633257 0.076937 0.147434
2 0.329529 0.596842 0.037969 0.063947
2 0.309046 0.614605 0.030975 0.085263
3 0.264083 0.559539 0.054955 0.063947
2 0.272076 0.639474 0.096920 0.120789
2 0.489897 0.611053 0.070942 0.085263
4 0.613795 0.633257 0.164864 0.207829
3 0.077336 0.601283 0.154673 0.193618
0 0.219120 0.601283 0.012989 0.047961
0 0.231609 0.603059 0.009992 0.033750
