2 0.555370 0.552180 0.006889 0.012248
2 0.546949 0.548097 0.006889 0.009526
2 0.546949 0.560345 0.009951 0.012248
2 0.539294 0.544695 0.005358 0.010887
2 0.532787 0.546056 0.006124 0.010887
2 0.536998 0.555582 0.008420 0.010887
2 0.525898 0.548778 0.006124 0.010887
2 0.527429 0.563748 0.009186 0.013609
2 0.515564 0.550819 0.011482 0.009526
2 0.520922 0.561026 0.006889 0.013609
2 0.508291 0.560345 0.004593 0.014970
2 0.501785 0.558984 0.011482 0.017692
2 0.514033 0.565789 0.011482 0.020413
2 0.505612 0.570552 0.013013 0.024496
2 0.189859 0.685233 0.232712 0.172833
2 0.799676 0.626155 0.147935 0.168990
2 0.443815 0.597696 0.040571 0.048992
2 0.095320 0.676388 0.086501 0.106149
2 0.285666 0.616936 0.033442 0.035383
2 0.485709 0.567490 0.019137 0.040827
2 0.719824 0.623060 0.056647 0.112954
2 0.690735 0.605368 0.067364 0.096623
2 0.655140 0.601966 0.043633 0.078931
2 0.622989 0.584274 0.048226 0.076210
2 0.587393 0.568624 0.026027 0.055796
2 0.472040 0.576822 0.020668 0.029940
2 0.572320 0.555048 0.009951 0.010887
2 0.568492 0.550965 0.008420 0.013609
2 0.364250 0.600832 0.034447 0.042188
0 0.402981 0.600443 0.003062 0.020413
0 0.408339 0.600443 0.004593 0.025857
0 0.416176 0.597656 0.004593 0.034022
0 0.418856 0.599017 0.005358 0.031300
0 0.475484 0.596652 0.007655 0.029940
0 0.570038 0.584369 0.011453 0.035314
2 0.533692 0.581524 0.019903 0.026901
4 0.027697 0.473175 0.053585 0.858720
