2 0.422165 0.439175 0.020876 0.026804
2 0.404188 0.446392 0.019716 0.032990
2 0.394910 0.454639 0.022036 0.024742
2 0.362436 0.463918 0.035954 0.043299
2 0.284729 0.473196 0.052191 0.074227
2 0.263273 0.481443 0.055670 0.094845
2 0.200064 0.501031 0.110180 0.113402
2 0.116559 0.522680 0.142655 0.156701
2 0.037113 0.547423 0.074227 0.164948
2 0.484794 0.442268 0.020876 0.032990
2 0.501031 0.453608 0.027835 0.043299
2 0.513789 0.459794 0.018557 0.043299
2 0.530026 0.463918 0.030155 0.063918
2 0.548003 0.472165 0.045232 0.072165
2 0.589755 0.487629 0.070747 0.103093
2 0.721045 0.513255 0.227785 0.216510
