2 0.415219 0.442016 0.009798 0.008710
2 0.406646 0.447460 0.012248 0.015242
2 0.391336 0.460524 0.023271 0.037016
2 0.341119 0.450726 0.011023 0.026129
2 0.329484 0.460524 0.017147 0.037016
2 0.437878 0.444194 0.013473 0.017419
0 0.444002 0.459436 0.006124 0.021774
0 0.462987 0.464879 0.007349 0.045726
0 0.477684 0.467057 0.007349 0.041371
2 0.644257 0.471411 0.061240 0.037016
2 0.704272 0.479032 0.058790 0.030484
2 0.745915 0.473589 0.058790 0.045726
4 0.839000 0.462702 0.105333 0.071855
4 0.980464 0.483387 0.035519 0.043548
2 0.369902 0.472500 0.036744 0.047903
2 0.276817 0.453992 0.024496 0.045726
2 0.237011 0.447460 0.008574 0.028306
2 0.251709 0.453992 0.020822 0.032661
2 0.302538 0.460524 0.044093 0.067500
2 0.124330 0.560686 0.246185 0.450726
