0 0.110799 0.850861 0.034145 0.150540
0 0.083483 0.846005 0.025950 0.150540
0 0.038413 0.852075 0.020487 0.172392
0 0.028852 0.855718 0.020487 0.145684
4 0.926172 0.804555 0.143407 0.381205
2 0.210501 0.823459 0.036876 0.058273
2 0.410589 0.828004 0.040974 0.044327
2 0.462488 0.812533 0.024584 0.046133
4 0.326593 0.797444 0.020487 0.029137
4 0.350494 0.799872 0.019121 0.038849
2 0.371664 0.791374 0.012292 0.021853
2 0.382590 0.803514 0.012292 0.026709
2 0.189332 0.833865 0.051900 0.048561
2 0.271279 0.841149 0.081947 0.121403
2 0.370298 0.831437 0.050534 0.053417
2 0.488438 0.824153 0.038242 0.048561
2 0.615456 0.907921 0.259499 0.182104
2 0.443367 0.822939 0.032779 0.050989
2 0.308155 0.799872 0.010926 0.029137
0 0.443927 0.786778 0.009748 0.020796
0 0.408834 0.797176 0.009748 0.013864
