2 0.295412 0.762440 0.016795 0.023460
2 0.312807 0.767772 0.010797 0.025592
2 0.325403 0.768838 0.011996 0.023460
4 0.336800 0.760308 0.010797 0.019194
4 0.279217 0.754976 0.015595 0.029858
2 0.261822 0.765639 0.014396 0.021327
2 0.346397 0.770971 0.010797 0.014929
2 0.336200 0.783767 0.011996 0.027725
2 0.351196 0.797630 0.017995 0.034123
2 0.324204 0.793364 0.016795 0.034123
2 0.375189 0.845616 0.061182 0.070379
2 0.278530 0.841350 0.082775 0.142891
2 0.193355 0.829620 0.061182 0.089573
2 0.606632 0.872274 0.100770 0.093839
2 0.501064 0.822156 0.028791 0.036256
0 0.478870 0.822156 0.010797 0.031990
4 0.172361 0.790165 0.071979 0.108768
2 0.120177 0.838151 0.041988 0.081043
3 0.422487 0.812559 0.099570 0.123697
0 0.637823 0.828554 0.014396 0.040521
0 0.667214 0.849881 0.017995 0.087441
0 0.682810 0.848815 0.013196 0.085308
4 0.066986 0.603554 0.133973 0.789099
0 0.826167 0.885071 0.028791 0.110900
