2 0.499394 0.522500 0.015820 0.022500
2 0.485683 0.523437 0.015820 0.031875
2 0.469336 0.527187 0.018984 0.031875
2 0.452988 0.537500 0.015820 0.030000
2 0.432422 0.545000 0.021094 0.037500
2 0.403418 0.560089 0.020039 0.048750
2 0.379687 0.560089 0.037969 0.071250
2 0.349629 0.571339 0.047461 0.082500
2 0.293203 0.584464 0.075937 0.127500
2 0.179297 0.554464 0.073828 0.105000
2 0.198809 0.646875 0.176133 0.191250
2 0.649989 0.565848 0.044297 0.118125
2 0.709051 0.590223 0.124453 0.178125
2 0.874863 0.684687 0.247851 0.384375
2 0.558984 0.603125 0.151875 0.221250
2 0.083320 0.688125 0.078047 0.150000
