2 0.488887 0.506378 0.007749 0.016837
2 0.483578 0.508419 0.010332 0.019898
2 0.479704 0.514541 0.011193 0.026020
2 0.470233 0.519133 0.014636 0.026020
2 0.458179 0.524490 0.024968 0.048980
2 0.500367 0.505357 0.011193 0.019898
2 0.522752 0.517602 0.014636 0.019898
2 0.530931 0.527551 0.015497 0.024490
2 0.546429 0.537500 0.025829 0.026020
2 0.433642 0.532908 0.044770 0.065816
2 0.079875 0.615885 0.159749 0.345919
2 0.210546 0.590630 0.201467 0.215816
2 0.753683 0.556659 0.229879 0.321429
2 0.887446 0.671234 0.225107 0.528061
