2 0.364192 0.408485 0.010135 0.013860
2 0.384463 0.413336 0.021050 0.015246
2 0.402784 0.408485 0.012474 0.016632
2 0.414479 0.407792 0.010915 0.012474
2 0.424614 0.405713 0.012474 0.013860
2 0.433191 0.416801 0.017152 0.013860
2 0.435529 0.440364 0.020271 0.033265
2 0.409801 0.425117 0.018711 0.022177
2 0.374327 0.433433 0.016373 0.024949
2 0.363412 0.436898 0.014813 0.029107
2 0.332226 0.430661 0.027288 0.027721
2 0.300261 0.430661 0.025728 0.024949
2 0.271024 0.436898 0.018711 0.026335
2 0.249584 0.437592 0.017932 0.027721
2 0.233211 0.441057 0.014813 0.023563
2 0.219957 0.448680 0.014813 0.019405
2 0.198907 0.450759 0.021050 0.015246
2 0.080011 0.461154 0.023389 0.016632
2 0.397383 0.453234 0.055355 0.069302
2 0.473008 0.480262 0.091219 0.134446
2 0.895657 0.415257 0.049897 0.044353
2 0.645780 0.410405 0.033525 0.023563
