2 0.090230 0.569082 0.072321 0.056939
2 0.195612 0.557143 0.049592 0.044082
2 0.263801 0.551633 0.047526 0.040408
2 0.351620 0.535102 0.014464 0.022041
2 0.370217 0.529592 0.014464 0.018367
2 0.450803 0.524082 0.022730 0.022041
2 0.499879 0.510306 0.011365 0.020204
2 0.384681 0.525918 0.014464 0.025714
2 0.510727 0.518571 0.022730 0.033061
2 0.525191 0.533265 0.026862 0.055102
2 0.553603 0.536939 0.040293 0.062449
2 0.569617 0.546122 0.045459 0.058775
2 0.427041 0.541837 0.049592 0.073469
2 0.476460 0.524082 0.017564 0.025714
2 0.736301 0.585612 0.202500 0.255306
2 0.877844 0.665816 0.241760 0.519796
