0 0.742847 0.536245 0.028465 0.083253
0 0.821355 0.555834 0.049584 0.115901
0 0.563596 0.490422 0.010101 0.026119
0 0.584256 0.496951 0.009182 0.019589
0 0.608589 0.500216 0.010101 0.029383
0 0.626494 0.504297 0.009182 0.027751
0 0.620526 0.501032 0.004591 0.027751
0 0.328332 0.557583 0.053257 0.248126
0 0.380212 0.582886 0.044993 0.279141
2 0.141254 0.452177 0.030302 0.045707
2 0.107280 0.448912 0.061521 0.071826
2 0.292915 0.462461 0.042239 0.037545
3 0.296282 0.437594 0.063664 0.040048
2 0.531654 0.494619 0.058767 0.070193
2 0.484825 0.492987 0.044075 0.047340
2 0.396675 0.568894 0.132225 0.225272
2 0.559201 0.519105 0.075295 0.042443
2 0.482070 0.534613 0.053257 0.073458
2 0.586388 0.747429 0.339648 0.442012
