4 0.266955 0.360980 0.026682 0.034153
4 0.244009 0.368570 0.022413 0.024666
4 0.221862 0.360032 0.012274 0.036051
2 0.207721 0.375211 0.024548 0.020871
2 0.108997 0.382800 0.038422 0.036051
2 0.149287 0.377108 0.072042 0.055025
2 0.054832 0.392287 0.105128 0.049332
0 0.996980 0.381377 0.005870 0.092024
0 0.763244 0.367147 0.006937 0.057871
2 0.745634 0.369993 0.024548 0.025615
2 0.425981 0.384698 0.051230 0.075896
2 0.340598 0.413159 0.147286 0.189740
2 0.506294 0.406044 0.073109 0.099613
2 0.474923 0.366732 0.023917 0.023386
