0 0.774442 0.505357 0.012915 0.056633
1 0.259152 0.498470 0.020663 0.082653
5 0.258065 0.518878 0.013776 0.064286
2 0.596283 0.493404 0.015497 0.029082
2 0.616085 0.494935 0.034439 0.050510
2 0.575620 0.484220 0.025829 0.035204
2 0.543764 0.516363 0.068878 0.099490
2 0.334979 0.497996 0.126563 0.188265
2 0.111988 0.536276 0.222991 0.626488
2 0.920500 0.539978 0.156696 0.163776
0 0.793076 0.501713 0.015497 0.041327
0 0.851192 0.487172 0.009471 0.021429
2 0.813309 0.530795 0.086958 0.096429
2 0.686931 0.554519 0.167028 0.189796
2 0.449119 0.509366 0.197162 0.200510
