2 0.481382 0.422343 0.013184 0.023437
2 0.474131 0.429375 0.019775 0.028125
2 0.458311 0.445781 0.025049 0.037500
2 0.436558 0.448125 0.031641 0.046875
2 0.433262 0.458672 0.027686 0.044531
2 0.411509 0.462187 0.026367 0.060937
2 0.393052 0.463359 0.031641 0.072656
2 0.350205 0.486797 0.046143 0.100781
2 0.357456 0.468047 0.060644 0.096094
2 0.535435 0.418828 0.010547 0.016406
2 0.542027 0.429375 0.018457 0.023437
2 0.544663 0.442265 0.013184 0.035156
2 0.554551 0.441093 0.022412 0.046875
2 0.573667 0.451640 0.039551 0.063281
4 0.635630 0.469218 0.094922 0.150000
2 0.518955 0.422343 0.022412 0.028125
2 0.709458 0.499687 0.147656 0.192187
2 0.120720 0.552421 0.241441 0.217969
2 0.026458 0.647343 0.052916 0.182812
2 0.952036 0.741093 0.094922 0.314062
