2 0.499152 0.567250 0.009361 0.014561
2 0.486866 0.572450 0.015211 0.020801
2 0.474580 0.575571 0.016381 0.031202
2 0.447669 0.563090 0.049143 0.072804
2 0.439478 0.580771 0.044463 0.054083
2 0.402153 0.595332 0.066694 0.087365
2 0.337214 0.632774 0.112327 0.145609
2 0.532031 0.563090 0.005850 0.018721
2 0.536711 0.566210 0.005850 0.020801
2 0.545487 0.569330 0.009361 0.027042
2 0.553677 0.571410 0.009361 0.027042
2 0.880478 0.622789 0.031592 0.041602
2 0.934886 0.632150 0.077225 0.060324
2 0.580940 0.568706 0.050313 0.070724
2 0.747090 0.612597 0.207102 0.197612
2 0.188381 0.683321 0.287837 0.239214
