2 0.500498 0.482109 0.006592 0.021094
2 0.509727 0.477422 0.011865 0.021094
2 0.395689 0.482109 0.021094 0.021094
2 0.382505 0.476250 0.010547 0.018750
2 0.334385 0.484453 0.019775 0.025781
4 0.285606 0.469218 0.038232 0.065625
2 0.453697 0.479765 0.010547 0.035156
2 0.354161 0.485625 0.027686 0.032812
2 0.265831 0.492656 0.038232 0.037500
2 0.166294 0.513750 0.087012 0.084375
2 0.522910 0.480014 0.019775 0.030966
2 0.547300 0.482109 0.029004 0.035156
2 0.590147 0.487968 0.040869 0.046875
4 0.663975 0.472734 0.030322 0.058594
4 0.478745 0.473906 0.044824 0.093750
2 0.779331 0.487968 0.050098 0.065625
4 0.868320 0.581718 0.262353 0.356250
