0 0.068220 0.618818 0.029531 0.111250
0 0.967636 0.653394 0.062082 0.283447
0 0.912790 0.656367 0.047611 0.172500
0 0.792087 0.637568 0.035859 0.186250
0 0.758153 0.643818 0.042522 0.198750
0 0.727751 0.633193 0.033750 0.157500
0 0.278534 0.617500 0.036563 0.112500
0 0.503534 0.643375 0.008438 0.038750
0 0.470136 0.637750 0.009141 0.042500
0 0.334784 0.640875 0.009844 0.036250
2 0.303672 0.637826 0.035156 0.057500
2 0.252695 0.630951 0.056953 0.078750
2 0.386253 0.641500 0.029531 0.040000
2 0.417683 0.640875 0.030234 0.031250
2 0.544948 0.634000 0.061172 0.095000
2 0.444050 0.644625 0.030938 0.016250
0 0.492539 0.628594 0.008789 0.039062
2 0.486299 0.639062 0.013184 0.018750
