0 0.266490 0.411797 0.010547 0.039844
0 0.516978 0.403593 0.010547 0.046875
2 0.277037 0.398906 0.029004 0.028125
2 0.230235 0.414140 0.030322 0.035156
2 0.309996 0.394218 0.015820 0.028125
2 0.323179 0.387187 0.013184 0.032812
2 0.389097 0.389531 0.010547 0.018750
2 0.414146 0.393047 0.010547 0.021094
2 0.429966 0.391875 0.021094 0.023437
2 0.455015 0.396562 0.010547 0.018750
2 0.520274 0.410625 0.038232 0.032812
2 0.542686 0.425859 0.022412 0.058594
2 0.558506 0.432890 0.038232 0.063281
2 0.592124 0.441093 0.058008 0.075000
2 0.197276 0.427031 0.046143 0.065625
4 0.397666 0.390703 0.011865 0.030469
2 0.380528 0.394218 0.011865 0.023437
2 0.344273 0.401250 0.021094 0.028125
2 0.466880 0.398906 0.021094 0.028125
2 0.427298 0.429579 0.039613 0.055841
2 0.637608 0.465703 0.088330 0.091406
2 0.144542 0.436406 0.080420 0.075000
2 0.046233 0.450468 0.092466 0.103125
