4 0.172691 0.440067 0.198810 0.178799
2 0.314684 0.409475 0.070168 0.085934
2 0.345091 0.401159 0.026508 0.060986
2 0.357175 0.401852 0.021050 0.051283
2 0.369260 0.393535 0.021830 0.042967
2 0.383683 0.391456 0.014813 0.030493
2 0.392259 0.387991 0.011695 0.018018
2 0.408242 0.382447 0.009356 0.018018
2 0.399276 0.383833 0.007017 0.020791
2 0.437089 0.394921 0.017152 0.029107
2 0.449173 0.392842 0.024169 0.036037
2 0.452292 0.403238 0.021050 0.042967
2 0.475291 0.402545 0.035864 0.058214
2 0.493223 0.415712 0.045219 0.067916
2 0.627489 0.440562 0.158268 0.191273
2 0.836267 0.548870 0.325892 0.437988
