2 0.277505 0.384724 0.154020 0.131707
2 0.420315 0.379525 0.268072 0.225289
2 0.578721 0.350931 0.074085 0.088383
2 0.631848 0.339666 0.036068 0.048524
2 0.687412 0.342266 0.082859 0.077985
2 0.745413 0.332734 0.037043 0.045058
2 0.770271 0.318004 0.026320 0.050257
2 0.789280 0.300674 0.019496 0.015597
2 0.799515 0.317137 0.036068 0.031194
2 0.826810 0.310206 0.022421 0.027728
2 0.848743 0.300674 0.021446 0.022529
2 0.821936 0.289410 0.016572 0.017330
2 0.867752 0.291143 0.014622 0.017330
2 0.881399 0.290276 0.016572 0.015597
2 0.899433 0.268614 0.013647 0.017330
2 0.910156 0.270347 0.011698 0.010398
2 0.911618 0.286810 0.018521 0.032927
2 0.923803 0.284211 0.011698 0.024262
2 0.900408 0.298075 0.027295 0.027728
2 0.941837 0.294609 0.030219 0.048524
2 0.947686 0.330135 0.028269 0.067587
2 0.980342 0.297208 0.033143 0.025995
2 0.967669 0.364795 0.060438 0.140372
2 0.966695 0.277279 0.011698 0.017330
2 0.067592 0.421983 0.135184 0.289410
