2 0.676029 0.486971 0.008773 0.013864
2 0.665306 0.481772 0.008773 0.013864
2 0.657508 0.480905 0.008773 0.015597
2 0.648247 0.480039 0.009748 0.013864
2 0.639961 0.480905 0.008773 0.015597
2 0.630213 0.480905 0.010723 0.015597
2 0.619490 0.482638 0.014622 0.025995
2 0.616566 0.492170 0.020471 0.034660
2 0.601944 0.494769 0.014622 0.036393
2 0.587322 0.499102 0.043866 0.051990
2 0.571725 0.507767 0.030219 0.069320
2 0.550279 0.509846 0.036068 0.108139
2 0.510799 0.499968 0.103330 0.140372
2 0.405033 0.512966 0.151095 0.211425
2 0.251500 0.543640 0.327535 0.278318
2 0.684071 0.494769 0.008773 0.022529
2 0.692845 0.501701 0.012673 0.025995
2 0.714778 0.507767 0.033143 0.058922
2 0.753283 0.532028 0.067262 0.090116
2 0.887319 0.549358 0.222256 0.287677
