0 0.110763 0.361582 0.015820 0.071250
0 0.070685 0.351269 0.017930 0.061875
0 0.585900 0.284707 0.010547 0.030000
0 0.899004 0.278926 0.043242 0.069375
2 0.127762 0.348187 0.031641 0.043125
2 0.087157 0.346312 0.051680 0.043125
2 0.170477 0.341625 0.058008 0.060000
2 0.285438 0.309750 0.011602 0.026250
2 0.528543 0.291000 0.021094 0.022500
2 0.559129 0.329437 0.050625 0.065625
2 0.681855 0.333750 0.239414 0.281250
6 0.772031 0.391875 0.120234 0.255000
2 0.237832 0.357187 0.091758 0.166875
0 0.005873 0.364125 0.011747 0.045000
2 0.422402 0.471562 0.382851 0.433125
2 0.896484 0.457500 0.204609 0.356250
