2 0.088397 0.553430 0.113860 0.106106
2 0.174711 0.529761 0.062440 0.062031
2 0.236691 0.525679 0.085395 0.102842
2 0.414369 0.528944 0.042239 0.057134
2 0.621888 0.517517 0.038566 0.076723
2 0.683410 0.506091 0.042239 0.089782
2 0.936382 0.537923 0.123961 0.140387
0 0.844100 0.497929 0.023874 0.119166
0 0.657240 0.564857 0.039484 0.230169
2 0.297754 0.548533 0.159772 0.187727
2 0.070827 0.617094 0.141655 0.210580
2 0.468544 0.548533 0.097332 0.155079
0 0.540166 0.484869 0.011019 0.031016
2 0.562203 0.599138 0.157935 0.223640
