2 0.379254 0.495354 0.071752 0.136063
2 0.442635 0.484725 0.057402 0.089291
2 0.491666 0.479410 0.045443 0.074409
2 0.525748 0.481536 0.022721 0.048898
2 0.547871 0.482599 0.026309 0.042520
2 0.571789 0.478347 0.019134 0.034016
2 0.590922 0.473032 0.016742 0.023386
2 0.605871 0.476221 0.010763 0.021260
2 0.617232 0.478347 0.014350 0.021260
2 0.654303 0.495354 0.064577 0.102047
2 0.696757 0.485788 0.022721 0.048898
2 0.721870 0.491102 0.041855 0.055276
2 0.755952 0.497480 0.043051 0.085039
2 0.784055 0.520866 0.051422 0.106299
2 0.865972 0.555945 0.167421 0.223228
2 0.280073 0.497259 0.130569 0.196952
