2 0.261297 0.673299 0.013155 0.023386
2 0.272658 0.675425 0.011959 0.019134
2 0.239771 0.674362 0.034680 0.029764
2 0.196122 0.676488 0.033484 0.029764
2 0.176390 0.677551 0.017938 0.027638
2 0.124968 0.672236 0.056206 0.046772
2 0.083711 0.675425 0.038268 0.040394
2 0.317503 0.684992 0.015546 0.021260
2 0.327069 0.688181 0.020330 0.027638
2 0.336636 0.694559 0.022721 0.036142
2 0.382677 0.697748 0.019134 0.029764
2 0.397028 0.680740 0.009567 0.012756
2 0.433262 0.681803 0.015546 0.010630
2 0.440438 0.703063 0.027505 0.027638
2 0.494252 0.678614 0.020330 0.017008
2 0.533715 0.678614 0.027505 0.021260
2 0.622807 0.721134 0.093278 0.114803
2 0.496643 0.708378 0.034680 0.046772
2 0.547468 0.763654 0.136329 0.161575
2 0.359522 0.698386 0.034680 0.057402
2 0.968218 0.688819 0.060989 0.034016
