2 0.040210 0.534375 0.056689 0.067969
2 0.228735 0.520898 0.043506 0.056250
2 0.230713 0.534961 0.036914 0.075000
2 0.599194 0.517382 0.019775 0.039844
2 0.632812 0.524414 0.068555 0.077344
2 0.987780 0.512695 0.023730 0.053906
2 0.971960 0.504492 0.026367 0.079687
2 0.904064 0.503320 0.054053 0.067969
0 0.363537 0.561914 0.014502 0.110156
2 0.309814 0.543164 0.189844 0.199219
2 0.474609 0.525586 0.068555 0.089062
2 0.551733 0.557226 0.101514 0.138281
2 0.118652 0.533203 0.108105 0.089062
2 0.815734 0.579492 0.254443 0.276562
