2 0.175293 0.532907 0.068223 0.065743
2 0.073323 0.545592 0.146647 0.115617
2 0.230597 0.523677 0.066310 0.104282
2 0.414649 0.529345 0.044632 0.063476
2 0.467675 0.548048 0.095002 0.155290
2 0.620486 0.520655 0.050370 0.074811
2 0.661610 0.525189 0.025504 0.061209
2 0.672768 0.526889 0.027417 0.071411
2 0.986040 0.504408 0.026779 0.045340
2 0.930250 0.544647 0.138358 0.125819
2 0.069817 0.620592 0.137720 0.216499
2 0.296971 0.544161 0.164794 0.204516
2 0.561220 0.599379 0.158761 0.216499
2 0.930569 0.484572 0.087988 0.034005
2 0.776841 0.585484 0.219332 0.249370
