0 0.138175 0.616495 0.044072 0.268041
2 0.304605 0.605155 0.131057 0.121650
2 0.360855 0.565979 0.085825 0.142268
2 0.408407 0.575258 0.016237 0.070103
2 0.420585 0.571134 0.017397 0.070103
2 0.433922 0.569072 0.016237 0.057732
2 0.471036 0.563918 0.009278 0.022680
2 0.488433 0.563918 0.027835 0.039175
2 0.509889 0.567010 0.015077 0.020619
4 0.525546 0.552577 0.025515 0.053608
2 0.446100 0.553608 0.024356 0.055670
2 0.527286 0.562887 0.019716 0.045361
2 0.533665 0.573196 0.013918 0.045361
2 0.541783 0.570103 0.016237 0.043299
2 0.558600 0.572165 0.028995 0.059794
2 0.566139 0.598969 0.032474 0.088660
2 0.617170 0.625773 0.115979 0.146392
0 0.681538 0.656701 0.033634 0.183505
