2 0.526060 0.449467 0.012006 0.023123
2 0.475035 0.459249 0.022011 0.028459
2 0.444520 0.465474 0.041020 0.044466
2 0.380488 0.470810 0.073036 0.069368
2 0.353475 0.490376 0.047023 0.055138
2 0.304450 0.492154 0.083041 0.090711
2 0.097348 0.543735 0.175087 0.158300
2 0.024912 0.596206 0.049825 0.131621
2 0.694643 0.453024 0.045022 0.058696
2 0.807199 0.470810 0.078039 0.101383
2 0.897243 0.459249 0.126062 0.142293
2 0.968278 0.472589 0.062031 0.168972
2 0.572583 0.448577 0.015007 0.014229
2 0.588091 0.447661 0.014007 0.033740
