2 0.338010 0.437538 0.012236 0.009517
2 0.364011 0.440937 0.007647 0.013595
2 0.372423 0.444335 0.012236 0.020393
2 0.409894 0.440257 0.016824 0.025831
2 0.428630 0.432100 0.013000 0.014955
2 0.422895 0.451133 0.009177 0.025831
2 0.434366 0.445695 0.018353 0.044864
2 0.443542 0.451133 0.022942 0.053021
2 0.483690 0.443202 0.074179 0.135952
2 0.528809 0.489426 0.084885 0.119637
2 0.620194 0.423489 0.093297 0.033988
2 0.316597 0.437764 0.029824 0.058459
2 0.302450 0.448640 0.012236 0.036707
2 0.294803 0.451359 0.013765 0.044864
2 0.279890 0.454079 0.032883 0.044864
2 0.248154 0.456798 0.038236 0.050302
2 0.223683 0.461556 0.030589 0.065257
2 0.200741 0.458157 0.033648 0.099245
2 0.625235 0.533382 0.184299 0.216163
2 0.127216 0.465408 0.119298 0.135952
2 0.031242 0.500075 0.061943 0.150906
2 0.391031 0.443202 0.030589 0.054381
