2 0.309551 0.560812 0.011602 0.024375
2 0.295840 0.557062 0.022148 0.043125
2 0.265781 0.535500 0.029531 0.018750
2 0.232031 0.580500 0.025312 0.063750
2 0.201445 0.584250 0.046406 0.078750
2 0.343301 0.568312 0.009492 0.024375
2 0.364012 0.573187 0.014766 0.050625
2 0.371395 0.577875 0.021094 0.052500
2 0.383524 0.582562 0.015820 0.061875
2 0.394071 0.581625 0.026367 0.075000
2 0.410418 0.582562 0.025312 0.091875
2 0.444696 0.587250 0.066445 0.131250
2 0.519454 0.608144 0.137109 0.185625
2 0.271603 0.581894 0.054844 0.076875
2 0.156115 0.597832 0.093867 0.090000
2 0.031662 0.616582 0.062227 0.165000
2 0.325919 0.563144 0.009492 0.013125
