2 0.142075 0.301100 0.207603 0.250034
2 0.679639 0.302062 0.204124 0.216495
2 0.484214 0.262887 0.066108 0.080412
2 0.022616 0.313402 0.045232 0.082474
2 0.303834 0.255628 0.032539 0.045276
2 0.359536 0.251546 0.032474 0.049485
2 0.565013 0.287629 0.086985 0.125773
2 0.443621 0.243299 0.042912 0.065979
2 0.414046 0.241237 0.020876 0.032990
2 0.400129 0.235052 0.016237 0.032990
2 0.392010 0.227835 0.009278 0.030928
2 0.321843 0.245361 0.022036 0.032990
2 0.336340 0.234021 0.013918 0.030928
2 0.246804 0.245155 0.018557 0.030928
2 0.262461 0.242062 0.017397 0.028866
2 0.274639 0.242062 0.013918 0.024742
2 0.373661 0.238469 0.010332 0.021429
