2 0.455731 0.564012 0.015007 0.013874
2 0.466237 0.563478 0.010805 0.014941
2 0.477642 0.561344 0.009605 0.017075
2 0.488448 0.561344 0.012006 0.019209
2 0.498052 0.558676 0.012006 0.020277
2 0.511259 0.552806 0.014407 0.025613
2 0.531669 0.550672 0.026413 0.032016
2 0.602204 0.549071 0.112255 0.139091
2 0.321265 0.552095 0.029415 0.038419
2 0.365087 0.546225 0.057028 0.062964
2 0.294552 0.557431 0.016808 0.032016
2 0.277743 0.554052 0.021611 0.035217
2 0.254332 0.555652 0.033617 0.034150
2 0.202406 0.541245 0.061831 0.069368
2 0.083195 0.570401 0.166390 0.313371
