2 0.473517 0.610817 0.007277 0.012936
2 0.422061 0.597418 0.016632 0.030493
2 0.397112 0.594184 0.014553 0.046201
2 0.372943 0.592336 0.046259 0.110883
2 0.512499 0.602500 0.022870 0.053593
2 0.537968 0.594184 0.028067 0.096099
2 0.574351 0.605272 0.059253 0.136756
2 0.646599 0.659790 0.129941 0.194045
2 0.815782 0.740180 0.334728 0.377002
2 0.449348 0.600652 0.042621 0.055441
2 0.922853 0.864923 0.152811 0.266119
2 0.060825 0.646854 0.120065 0.362218
0 0.160099 0.484687 0.032225 0.093327
0 0.047571 0.534122 0.017152 0.044353
0 0.218313 0.649626 0.081083 0.256879
4 0.188687 0.503168 0.330570 0.468481
