2 0.152858 0.532676 0.051499 0.048274
2 0.271110 0.518211 0.017973 0.026004
2 0.282542 0.516030 0.022472 0.028298
2 0.420184 0.503545 0.018727 0.029963
2 0.477770 0.506042 0.014045 0.018311
2 0.432825 0.508539 0.015918 0.029963
3 0.368292 0.500259 0.046030 0.081879
2 0.397244 0.521024 0.047754 0.058261
2 0.326550 0.533034 0.091762 0.127458
2 0.539100 0.511868 0.043072 0.063255
2 0.723092 0.550154 0.195696 0.226387
2 0.454361 0.511036 0.034645 0.048274
2 0.601794 0.483929 0.063753 0.049219
2 0.250890 0.517234 0.024713 0.027959
