2 0.259898 0.493828 0.029004 0.035156
2 0.201890 0.491484 0.089648 0.053906
2 0.522070 0.513616 0.036914 0.070312
2 0.367163 0.506584 0.014502 0.014062
2 0.352002 0.506584 0.015820 0.014062
2 0.425830 0.497209 0.013184 0.023437
2 0.469995 0.470256 0.030322 0.021094
2 0.500317 0.491350 0.017139 0.025781
4 0.323179 0.503203 0.021094 0.021094
3 0.421216 0.462890 0.040869 0.028125
3 0.336841 0.458203 0.035596 0.018750
2 0.369800 0.455859 0.017139 0.014062
3 0.303882 0.469922 0.030322 0.032812
3 0.672363 0.517968 0.055371 0.058594
3 0.714550 0.519140 0.034277 0.042187
3 0.752124 0.526172 0.051416 0.042187
2 0.410850 0.511406 0.035596 0.056250
2 0.468199 0.540703 0.076465 0.128906
4 0.060076 0.448125 0.120152 0.154687
