2 0.978072 0.475726 0.031413 0.026709
2 0.881784 0.501221 0.024584 0.058273
2 0.340934 0.402884 0.010926 0.016996
2 0.334788 0.408955 0.012292 0.024281
2 0.323861 0.412597 0.015024 0.021853
2 0.309521 0.417453 0.019121 0.026709
2 0.399662 0.405312 0.013658 0.016996
2 0.390102 0.406527 0.016389 0.019424
2 0.410589 0.408955 0.013658 0.014568
2 0.428344 0.423523 0.021853 0.038849
2 0.446782 0.423523 0.020487 0.053417
2 0.470000 0.425951 0.039608 0.063130
2 0.081435 0.429593 0.062826 0.055845
2 0.991047 0.526715 0.016389 0.036421
0 0.949390 0.507291 0.045071 0.172392
2 0.214599 0.445375 0.198039 0.267087
2 0.705598 0.517003 0.346909 0.410342
