2 0.911933 0.662003 0.172541 0.422850
2 0.829074 0.541560 0.336309 0.372593
2 0.639474 0.485238 0.136473 0.173299
2 0.566363 0.473107 0.048740 0.103980
2 0.540044 0.464442 0.042892 0.083184
2 0.515673 0.460109 0.031194 0.057189
2 0.511287 0.446245 0.043866 0.071053
2 0.485942 0.449711 0.012673 0.046791
2 0.479605 0.441913 0.011698 0.031194
2 0.472294 0.441913 0.010723 0.024262
4 0.467908 0.428049 0.019496 0.031194
2 0.346544 0.453177 0.073111 0.084917
2 0.399184 0.436714 0.024370 0.034660
2 0.437201 0.435847 0.020471 0.032927
2 0.096993 0.444512 0.067262 0.050257
2 0.148658 0.443646 0.036068 0.041592
2 0.197399 0.441913 0.041917 0.034660
2 0.230542 0.441913 0.022421 0.024262
2 0.256862 0.441913 0.026320 0.031194
