2 0.455243 0.473010 0.032517 0.057809
2 0.438028 0.475561 0.013389 0.042506
2 0.429420 0.473860 0.013389 0.015302
2 0.422247 0.472160 0.006695 0.015302
2 0.416987 0.478111 0.009564 0.027204
2 0.399294 0.474711 0.010520 0.020403
2 0.526494 0.467910 0.018171 0.034005
2 0.256409 0.473010 0.018171 0.061209
2 0.225804 0.471310 0.052602 0.074811
2 0.114767 0.479811 0.034430 0.061209
2 0.880518 0.453684 0.143459 0.144521
2 0.813571 0.456235 0.057384 0.102015
2 0.054514 0.489956 0.095639 0.093514
2 0.302698 0.471253 0.087032 0.117317
2 0.493977 0.482305 0.056427 0.071411
2 0.408284 0.482022 0.023910 0.028904
2 0.367159 0.475221 0.020084 0.022103
2 0.385809 0.474371 0.017215 0.020403
2 0.349466 0.474371 0.015302 0.020403
2 0.653477 0.461662 0.263964 0.389358
2 0.158761 0.483552 0.099465 0.091814
