2 0.417260 0.502734 0.011865 0.016406
2 0.406714 0.505078 0.011865 0.016406
2 0.390893 0.508593 0.009229 0.018750
2 0.371777 0.513281 0.007910 0.023437
2 0.363867 0.514453 0.010547 0.030469
2 0.350683 0.516797 0.021094 0.035156
2 0.328930 0.517968 0.019775 0.046875
2 0.305200 0.525000 0.032959 0.046875
2 0.249170 0.533203 0.042187 0.072656
2 0.186548 0.537890 0.085693 0.128906
2 0.084375 0.597656 0.116016 0.131250
2 0.454174 0.498047 0.009229 0.021094
2 0.465381 0.495703 0.010547 0.025781
2 0.475268 0.496875 0.014502 0.028125
2 0.492407 0.499218 0.019775 0.037500
2 0.513501 0.503906 0.022412 0.056250
2 0.531958 0.510937 0.040869 0.051562
2 0.566894 0.505078 0.042187 0.063281
2 0.437695 0.514453 0.034277 0.058594
2 0.596557 0.532734 0.040869 0.077344
2 0.719824 0.542109 0.216211 0.203906
