2 0.434923 0.329161 0.020876 0.043299
2 0.421005 0.322975 0.023196 0.026804
2 0.429124 0.346686 0.020876 0.053608
2 0.467977 0.345655 0.031314 0.063918
2 0.467397 0.359057 0.023196 0.053608
2 0.482474 0.360088 0.032474 0.068041
2 0.520168 0.369367 0.066108 0.098969
2 0.672681 0.339470 0.027835 0.022680
2 0.710374 0.410604 0.073067 0.127835
2 0.342719 0.326068 0.019716 0.032990
2 0.369394 0.326068 0.012758 0.016495
2 0.325902 0.334315 0.025515 0.037113
2 0.294588 0.333284 0.041753 0.059794
2 0.267333 0.307511 0.017397 0.024742
2 0.219201 0.308542 0.018557 0.026804
2 0.247036 0.353903 0.083505 0.084536
2 0.155412 0.305449 0.064948 0.041237
2 0.389270 0.414845 0.124098 0.185567
2 0.603252 0.412784 0.143814 0.202062
2 0.848771 0.464330 0.245160 0.226804
2 0.080685 0.369485 0.161371 0.202062
2 0.969031 0.489369 0.057990 0.241237
