4 0.188047 0.152344 0.117334 0.112500
2 0.335044 0.198047 0.042187 0.044531
2 0.437876 0.189844 0.039551 0.051562
2 0.455015 0.206250 0.050098 0.065625
2 0.509727 0.180469 0.046143 0.046875
2 0.527525 0.200390 0.058008 0.053906
2 0.560484 0.188672 0.031641 0.044531
2 0.609263 0.195703 0.044824 0.058594
2 0.668589 0.191015 0.055371 0.063281
0 0.686387 0.174609 0.006592 0.025781
2 0.843931 0.186328 0.036914 0.044531
2 0.762192 0.187500 0.021094 0.028125
2 0.730552 0.200390 0.058008 0.021094
2 0.906553 0.182812 0.061963 0.037500
2 0.974830 0.182152 0.046392 0.080412
