2 0.417418 0.861788 0.030047 0.050989
2 0.406491 0.865430 0.024584 0.043705
2 0.403760 0.869072 0.016389 0.041277
2 0.382590 0.873928 0.036876 0.065558
2 0.373712 0.878784 0.027316 0.060701
2 0.360738 0.882426 0.025950 0.067986
2 0.342299 0.887976 0.024584 0.082554
2 0.307472 0.889190 0.061460 0.123831
2 0.248743 0.917113 0.110628 0.131115
2 0.505511 0.858492 0.015024 0.038849
2 0.514388 0.860921 0.019121 0.058273
2 0.524632 0.869419 0.031413 0.075270
2 0.534192 0.863349 0.025950 0.092266
2 0.577897 0.876703 0.099702 0.138399
2 0.480244 0.864563 0.040974 0.070414
