2 0.434942 0.791349 0.008993 0.015987
2 0.429447 0.794901 0.007993 0.012434
2 0.408963 0.800230 0.008993 0.023092
2 0.373992 0.810000 0.018984 0.028421
2 0.171659 0.836645 0.109910 0.074605
2 0.063226 0.846848 0.106956 0.084354
2 0.040866 0.873059 0.081733 0.079934
2 0.734162 0.863289 0.247864 0.270000
0 0.475409 0.788684 0.005995 0.024868
4 0.475409 0.785132 0.015987 0.024868
4 0.496891 0.783355 0.022981 0.039079
2 0.566833 0.809112 0.086928 0.133224
2 0.421453 0.796678 0.009992 0.019539
2 0.394475 0.805559 0.019984 0.030197
2 0.347014 0.818882 0.038968 0.049737
2 0.264582 0.833980 0.069942 0.094145
2 0.443538 0.792844 0.009748 0.012131
2 0.450361 0.789378 0.007798 0.015597
