2 0.248231 0.420054 0.015024 0.012140
2 0.274864 0.422482 0.021853 0.014568
2 0.311057 0.438265 0.031413 0.036421
2 0.232525 0.426124 0.013658 0.016996
2 0.216818 0.423696 0.023218 0.021853
2 0.214769 0.430981 0.021853 0.021853
2 0.198380 0.433409 0.024584 0.021853
2 0.177893 0.433409 0.035510 0.026709
2 0.143749 0.426124 0.032779 0.016996
2 0.142383 0.441907 0.043705 0.033993
2 0.085020 0.449191 0.051900 0.048561
2 0.121896 0.447977 0.046437 0.046133
2 0.450367 0.445549 0.009560 0.021853
2 0.036535 0.480756 0.072387 0.111691
2 0.830738 0.642222 0.335983 0.366637
2 0.547338 0.445549 0.017755 0.026709
2 0.640211 0.498966 0.080581 0.118975
4 0.591043 0.463759 0.053266 0.109263
2 0.247548 0.467401 0.071021 0.077698
