0 0.655981 0.635327 0.037618 0.073678
0 0.634940 0.630793 0.022316 0.094081
0 0.562892 0.572985 0.010839 0.032872
0 0.576600 0.616625 0.024229 0.104282
0 0.561936 0.643262 0.030605 0.150756
0 0.523361 0.595088 0.024866 0.102015
0 0.419752 0.542380 0.011477 0.064610
0 0.470438 0.584698 0.023591 0.112217
0 0.535685 0.658942 0.031242 0.163224
0 0.614428 0.620970 0.019128 0.087280
0 0.402003 0.579597 0.021041 0.117884
1 0.168431 0.472481 0.023591 0.041940
0 0.938751 0.780604 0.042081 0.176826
2 0.129432 0.472103 0.015302 0.015869
2 0.115086 0.476070 0.018490 0.021537
2 0.097552 0.463035 0.017853 0.013602
2 0.079380 0.470970 0.007014 0.020403
2 0.072367 0.473803 0.013389 0.023804
2 0.093726 0.477204 0.026779 0.030605
2 0.216463 0.487405 0.050370 0.030605
2 0.275122 0.542380 0.097552 0.142821
2 0.288193 0.509509 0.026779 0.036272
2 0.328042 0.507808 0.068223 0.062343
2 0.340475 0.570151 0.084162 0.114484
2 0.858098 0.716826 0.106478 0.099748
2 0.725032 0.710592 0.251212 0.202897
2 0.034518 0.479358 0.068860 0.141688
2 0.180483 0.727594 0.360966 0.479471
2 0.924888 0.752042 0.147284 0.176826
4 0.156636 0.472292 0.061209 0.036272
4 0.106585 0.451889 0.021041 0.031738
