2 0.325227 0.711248 0.017755 0.012140
2 0.336836 0.727030 0.019121 0.029137
2 0.332739 0.697894 0.016389 0.019424
2 0.299277 0.705178 0.017755 0.014568
2 0.279473 0.725816 0.024584 0.036421
2 0.151090 0.716104 0.035510 0.036421
2 0.121043 0.688181 0.030047 0.029137
2 0.065728 0.689395 0.023218 0.036421
2 0.121043 0.716104 0.051900 0.055845
2 0.033632 0.705178 0.024584 0.033993
2 0.192746 0.701536 0.023218 0.026709
2 0.347080 0.701536 0.015024 0.012140
2 0.348445 0.710034 0.017755 0.014568
2 0.357323 0.728244 0.016389 0.026709
2 0.382590 0.725816 0.020487 0.021853
2 0.250109 0.729458 0.039608 0.053417
2 0.309521 0.737957 0.046437 0.060701
2 0.274693 0.696680 0.023218 0.016996
2 0.375761 0.707606 0.017755 0.019424
2 0.551947 0.662687 0.031413 0.031565
2 0.499365 0.659045 0.043705 0.024281
2 0.426978 0.703964 0.030047 0.041277
2 0.571751 0.632336 0.030047 0.029137
2 0.769107 0.667543 0.080581 0.060701
2 0.592921 0.669971 0.039608 0.031565
2 0.708329 0.598343 0.046437 0.033993
2 0.762278 0.588631 0.039608 0.033993
2 0.648918 0.626266 0.055997 0.036421
2 0.475463 0.701536 0.072387 0.065558
2 0.399662 0.701536 0.021853 0.031565
2 0.650967 0.724602 0.051900 0.063130
