0 0.098543 0.435801 0.022956 0.109371
0 0.115989 0.439066 0.022956 0.089782
0 0.289075 0.433353 0.014692 0.039178
0 0.280352 0.430088 0.013773 0.048972
0 0.331773 0.432537 0.008264 0.031016
0 0.325345 0.438250 0.015610 0.058767
0 0.256019 0.434169 0.020201 0.060399
0 0.233981 0.431720 0.016528 0.068561
0 0.557657 0.438250 0.015610 0.071826
0 0.570971 0.435801 0.018365 0.089782
2 0.516044 0.434220 0.059685 0.104474
2 0.346631 0.438301 0.022037 0.083253
2 0.746520 0.436669 0.261695 0.161608
2 0.423596 0.457839 0.166199 0.267715
2 0.893228 0.526177 0.210274 0.465236
