2 0.585372 0.330135 0.012673 0.019063
2 0.616079 0.350064 0.050690 0.097048
2 0.641424 0.362195 0.072136 0.114377
2 0.678954 0.389923 0.096506 0.128241
2 0.782771 0.434981 0.196911 0.207959
3 0.571725 0.322336 0.024370 0.038126
2 0.551741 0.332734 0.015597 0.048524
2 0.524447 0.340533 0.048740 0.074519
2 0.445487 0.337933 0.064337 0.086650
2 0.383099 0.327535 0.037043 0.048524
0 0.230055 0.301541 0.009748 0.041592
2 0.154020 0.288543 0.007798 0.025995
2 0.165230 0.287677 0.010723 0.027728
2 0.181314 0.289410 0.015597 0.024262
2 0.195936 0.297208 0.013647 0.025995
2 0.139398 0.291143 0.025345 0.034660
2 0.092119 0.326669 0.065312 0.088383
2 0.035093 0.331868 0.066287 0.105712
2 0.886100 0.524230 0.226155 0.493903
