2 0.139483 0.530433 0.049031 0.053150
2 0.244719 0.524055 0.022721 0.027638
2 0.288368 0.525118 0.021526 0.029764
2 0.302121 0.524055 0.013155 0.014882
2 0.328430 0.524055 0.013155 0.023386
2 0.339791 0.520866 0.014350 0.017008
2 0.351151 0.516614 0.013155 0.017008
2 0.388223 0.558071 0.068164 0.112677
2 0.424697 0.528307 0.016742 0.023386
2 0.437852 0.540000 0.026309 0.034016
2 0.455790 0.534685 0.019134 0.023386
2 0.482697 0.541063 0.027505 0.036142
2 0.531129 0.575079 0.083711 0.095669
2 0.718880 0.591024 0.143504 0.123307
