2 0.629705 0.505470 0.017551 0.033282
2 0.641406 0.508591 0.015211 0.027042
2 0.653691 0.504430 0.021061 0.039522
2 0.672998 0.517951 0.031592 0.029122
2 0.685868 0.499230 0.015211 0.020801
2 0.560086 0.490909 0.016381 0.024961
2 0.528494 0.502350 0.018721 0.022881
2 0.495732 0.500270 0.021061 0.031202
2 0.469990 0.501310 0.018721 0.024961
2 0.278099 0.542913 0.028082 0.079045
2 0.239487 0.527312 0.044463 0.039522
2 0.056371 0.530432 0.047973 0.079045
2 0.324317 0.527312 0.090095 0.097766
2 0.434888 0.510671 0.046803 0.056163
2 0.574712 0.497150 0.012871 0.012481
2 0.131840 0.524191 0.135728 0.099846
2 0.733841 0.617797 0.190721 0.245455
3 0.899406 0.513791 0.198912 0.228814
