2 0.411369 0.458376 0.054589 0.077985
2 0.898285 0.548492 0.201785 0.230488
2 0.750602 0.509500 0.140372 0.124775
2 0.674080 0.499102 0.090657 0.090116
2 0.620953 0.487837 0.066287 0.077985
2 0.581960 0.479172 0.044841 0.057189
2 0.562952 0.466175 0.047766 0.058922
2 0.533220 0.465308 0.027295 0.046791
2 0.511774 0.460109 0.019496 0.039859
2 0.499102 0.456643 0.011698 0.036393
2 0.488866 0.454910 0.008773 0.032927
2 0.479118 0.453177 0.014622 0.025995
2 0.466446 0.447978 0.010723 0.025995
2 0.455235 0.446245 0.007798 0.022529
2 0.020958 0.445379 0.041917 0.072786
2 0.088708 0.451444 0.074085 0.064121
2 0.223718 0.441913 0.039967 0.045058
2 0.185213 0.438447 0.035093 0.041592
2 0.289518 0.439313 0.027295 0.032927
