2 0.285820 0.567723 0.027422 0.054375
2 0.262617 0.568661 0.035859 0.063750
2 0.232559 0.572411 0.049570 0.086250
2 0.200918 0.576161 0.049570 0.101250
2 0.138691 0.578973 0.104414 0.140625
2 0.059062 0.595580 0.118125 0.189375
2 0.367558 0.564911 0.011602 0.026250
2 0.385488 0.559286 0.032695 0.048750
2 0.446133 0.570536 0.021094 0.041250
2 0.419238 0.570536 0.032695 0.052500
2 0.502558 0.570536 0.041133 0.071250
5 0.457207 0.590491 0.032695 0.039375
0 0.485156 0.570803 0.025312 0.075000
2 0.607274 0.579241 0.089648 0.103125
2 0.939500 0.613393 0.119180 0.210000
2 0.772332 0.614598 0.312187 0.305625
