2 0.274522 0.544492 0.013658 0.029137
2 0.262913 0.544492 0.015024 0.033993
2 0.249938 0.546920 0.019121 0.043705
2 0.232866 0.543278 0.020487 0.041277
2 0.216477 0.542064 0.015024 0.043705
2 0.618700 0.562703 0.035510 0.075270
2 0.067606 0.550562 0.050534 0.075270
2 0.681526 0.568773 0.133847 0.133543
2 0.025950 0.556430 0.051900 0.196673
2 0.853273 0.622797 0.269059 0.220953
2 0.464025 0.546313 0.025950 0.043705
2 0.365689 0.580306 0.181649 0.271943
2 0.198721 0.548134 0.028681 0.036421
4 0.558605 0.528103 0.106531 0.133543
