2 0.053930 0.421208 0.107861 0.164948
2 0.605412 0.471134 0.199485 0.226804
2 0.193106 0.409278 0.073067 0.074227
2 0.854478 0.556701 0.288789 0.587629
2 0.234278 0.400516 0.034794 0.061856
2 0.258054 0.401546 0.024356 0.051546
2 0.276031 0.399485 0.027835 0.047423
2 0.485374 0.415979 0.068428 0.088660
2 0.445361 0.395361 0.041753 0.063918
2 0.317784 0.345876 0.023196 0.030928
2 0.332281 0.341753 0.008119 0.030928
2 0.341559 0.338144 0.005799 0.030928
2 0.354897 0.345361 0.020876 0.035052
2 0.395490 0.328866 0.009278 0.018557
2 0.426804 0.344330 0.020876 0.032990
2 0.415786 0.335052 0.010438 0.026804
2 0.370554 0.336770 0.008119 0.016495
0 0.117139 0.375601 0.020876 0.128522
2 0.378891 0.319931 0.006695 0.015302
2 0.399931 0.307179 0.004782 0.013602
2 0.407582 0.327582 0.006695 0.020403
2 0.395149 0.303779 0.004782 0.013602
2 0.385585 0.315680 0.004782 0.013602
