2 0.380493 0.505802 0.014100 0.026857
2 0.391572 0.497745 0.010071 0.010743
2 0.432864 0.494165 0.010071 0.017905
2 0.444446 0.487898 0.009064 0.019695
2 0.450992 0.494165 0.010071 0.021485
4 0.464085 0.485212 0.022157 0.046552
2 0.480703 0.497745 0.009064 0.021485
2 0.491781 0.497745 0.009064 0.028647
2 0.507895 0.497745 0.025178 0.042971
2 0.526527 0.487003 0.028200 0.042971
2 0.534080 0.500431 0.021150 0.048342
2 0.551705 0.488793 0.026185 0.068037
2 0.584940 0.490584 0.066471 0.071618
2 0.781834 0.493269 0.196390 0.195159
2 0.363372 0.511174 0.008057 0.026857
2 0.346251 0.510279 0.026185 0.032228
2 0.311001 0.508488 0.050356 0.064456
4 0.256113 0.502222 0.053378 0.080570
4 0.184607 0.500431 0.091649 0.119960
4 0.084901 0.486108 0.168191 0.209483
2 0.042098 0.598906 0.082585 0.162931
2 0.891108 0.738561 0.217540 0.478050
2 0.933407 0.443137 0.126898 0.134284
