2 0.800792 0.490600 0.317602 0.286439
2 0.190929 0.388983 0.113497 0.099846
2 0.448344 0.380663 0.073714 0.091525
2 0.548385 0.393144 0.077225 0.104006
2 0.388085 0.366102 0.028082 0.045763
2 0.267568 0.384823 0.053823 0.079045
2 0.299160 0.382743 0.023401 0.058243
2 0.312031 0.375463 0.025742 0.060324
2 0.324317 0.370262 0.017551 0.054083
2 0.336017 0.370262 0.015211 0.041602
2 0.347718 0.365062 0.026912 0.047843
2 0.368779 0.361942 0.017551 0.033282
2 0.659542 0.412905 0.084245 0.097766
2 0.617419 0.404584 0.051483 0.081125
