2 0.455313 0.638732 0.006237 0.012474
2 0.461940 0.636653 0.008576 0.013860
2 0.467787 0.635267 0.007796 0.013860
2 0.473635 0.635267 0.008576 0.011088
2 0.496244 0.638039 0.019491 0.033265
2 0.506770 0.640118 0.007796 0.026335
2 0.515346 0.640811 0.015593 0.036037
2 0.536006 0.638732 0.031965 0.059600
2 0.544193 0.648434 0.017152 0.051283
2 0.552769 0.652592 0.012474 0.056827
2 0.451155 0.639887 0.006237 0.022177
2 0.446867 0.641273 0.011695 0.022177
2 0.441019 0.639887 0.014034 0.033265
2 0.430104 0.644045 0.024949 0.036037
2 0.423088 0.650282 0.018711 0.031879
2 0.417240 0.652361 0.016373 0.041581
2 0.405546 0.650282 0.024169 0.062372
2 0.325632 0.669687 0.074846 0.092864
2 0.298344 0.681468 0.067050 0.091478
2 0.651914 0.664836 0.083422 0.121971
2 0.722342 0.682854 0.127082 0.166324
2 0.869812 0.711730 0.260376 0.296612
2 0.225512 0.713116 0.162166 0.163552
2 0.492151 0.643814 0.024949 0.030493
4 0.355713 0.632726 0.087320 0.138604
4 0.604810 0.602233 0.108371 0.202361
0 0.023623 0.690939 0.045999 0.200975
