2 0.023218 0.504530 0.046436 0.122430
2 0.401266 0.487926 0.012855 0.017956
2 0.386115 0.495272 0.015610 0.022854
2 0.371423 0.499353 0.015610 0.021221
2 0.355814 0.501802 0.019283 0.022854
2 0.340663 0.496088 0.016528 0.034281
2 0.324135 0.495272 0.027547 0.039178
2 0.487579 0.488634 0.007346 0.009794
2 0.477020 0.486185 0.011937 0.011427
2 0.484825 0.499244 0.005509 0.014692
2 0.468297 0.489450 0.011019 0.011427
2 0.462328 0.490266 0.008264 0.009794
2 0.446718 0.491082 0.008264 0.011427
2 0.638781 0.512304 0.060603 0.086518
2 0.599756 0.506590 0.044993 0.068561
2 0.577719 0.505774 0.024792 0.053869
2 0.558436 0.507406 0.028465 0.034281
2 0.543744 0.502509 0.015610 0.037545
2 0.521248 0.501693 0.011019 0.029383
2 0.530889 0.504958 0.011937 0.032648
2 0.112483 0.507134 0.096414 0.075091
2 0.278682 0.498972 0.059685 0.058767
2 0.694028 0.532437 0.094578 0.099577
0 0.740857 0.481832 0.013773 0.047340
2 0.831762 0.559099 0.166199 0.184462
2 0.933685 0.567261 0.131307 0.246493
2 0.436159 0.492171 0.009182 0.016324
2 0.454982 0.501149 0.013773 0.021221
2 0.474265 0.501965 0.013773 0.019589
