0 0.795852 0.534290 0.018353 0.085650
0 0.813059 0.536329 0.022942 0.085650
0 0.864678 0.541427 0.018353 0.083610
0 0.881311 0.537349 0.017206 0.055060
4 0.488661 0.453739 0.065384 0.122356
2 0.307994 0.419071 0.019501 0.055060
2 0.285052 0.428248 0.049325 0.073414
2 0.252934 0.396639 0.028677 0.042825
2 0.255802 0.439464 0.036707 0.050982
2 0.202462 0.383384 0.053913 0.036707
2 0.209344 0.412953 0.037854 0.042825
2 0.194432 0.442523 0.065384 0.065257
2 0.135930 0.423150 0.108974 0.087689
2 0.074561 0.404796 0.064237 0.083610
3 0.136504 0.380325 0.100944 0.050982
2 0.039575 0.414381 0.079149 0.106042
4 0.940934 0.556722 0.115949 0.416012
2 0.714447 0.524434 0.060796 0.124396
2 0.654798 0.477530 0.060796 0.030589
2 0.672578 0.543807 0.110121 0.126435
2 0.882687 0.585272 0.066531 0.120317
2 0.423851 0.467674 0.069973 0.130514
2 0.572399 0.533950 0.119298 0.140710
