2 0.213755 0.462187 0.126562 0.070312
2 0.239463 0.479765 0.156885 0.082031
2 0.528843 0.463359 0.029004 0.035156
2 0.559824 0.477422 0.067236 0.063281
2 0.602671 0.463359 0.023730 0.025781
2 0.658701 0.472734 0.017139 0.025781
2 0.648814 0.473906 0.021094 0.032812
2 0.623765 0.480937 0.050098 0.046875
2 0.675840 0.470390 0.025049 0.030469
2 0.778672 0.485625 0.048779 0.075000
2 0.735825 0.469218 0.021094 0.028125
2 0.948081 0.499687 0.015820 0.032812
2 0.936216 0.496172 0.021094 0.049219
2 0.919736 0.498515 0.040869 0.049219
2 0.880845 0.496172 0.055371 0.077344
2 0.846567 0.500859 0.042187 0.082031
2 0.451060 0.503203 0.158203 0.203906
2 0.710776 0.484453 0.065918 0.072656
2 0.803062 0.511406 0.076465 0.098437
