0 0.588169 0.422343 0.023730 0.079687
0 0.565757 0.427031 0.026367 0.075000
0 0.511704 0.429375 0.015820 0.037500
0 0.016002 0.511406 0.021094 0.056250
2 0.230235 0.480937 0.017139 0.028125
2 0.207164 0.480937 0.029004 0.042187
2 0.182774 0.489140 0.019775 0.030469
2 0.155748 0.493828 0.021094 0.039844
2 0.404258 0.448125 0.011865 0.032812
2 0.393711 0.451640 0.011865 0.016406
2 0.414146 0.448125 0.010547 0.032812
2 0.421397 0.449297 0.014502 0.035156
2 0.441172 0.450468 0.032959 0.046875
2 0.383164 0.455156 0.019775 0.032812
2 0.360093 0.457500 0.015820 0.023437
2 0.132676 0.504375 0.040869 0.042187
2 0.279014 0.468047 0.014502 0.021094
2 0.258580 0.470390 0.015820 0.021094
