0 0.671915 0.532457 0.019343 0.079869
2 0.275276 0.513414 0.006864 0.009984
2 0.287755 0.517296 0.020591 0.024404
2 0.295867 0.525061 0.016847 0.026623
2 0.312090 0.527835 0.018095 0.029951
2 0.325506 0.522843 0.008736 0.022186
2 0.341105 0.523398 0.009984 0.021076
2 0.363880 0.527280 0.019343 0.026623
2 0.365752 0.514523 0.020591 0.012202
2 0.388215 0.509531 0.011855 0.015530
2 0.396119 0.517851 0.009360 0.009984
2 0.400174 0.512859 0.012479 0.013311
2 0.410470 0.514523 0.006864 0.014421
2 0.529857 0.520624 0.011855 0.019967
2 0.419102 0.512859 0.008736 0.011093
2 0.216831 0.514523 0.009360 0.023295
2 0.185320 0.514523 0.008736 0.014421
2 0.512906 0.518221 0.009984 0.016639
2 0.499178 0.518776 0.013727 0.017749
2 0.470163 0.540407 0.040558 0.054355
