2 0.411715 0.415286 0.009298 0.016531
2 0.404483 0.415286 0.013431 0.023878
2 0.441677 0.416204 0.009298 0.014694
2 0.363157 0.418041 0.013431 0.014694
2 0.351275 0.417122 0.012398 0.012857
2 0.333712 0.416204 0.012398 0.014694
2 0.323897 0.423551 0.013431 0.018367
2 0.310982 0.426306 0.022730 0.031224
2 0.291869 0.428143 0.019630 0.031224
2 0.274305 0.429980 0.029962 0.031224
2 0.247443 0.433653 0.042360 0.038571
2 0.215414 0.438245 0.029962 0.044082
2 0.179254 0.449265 0.067156 0.073469
2 0.118297 0.457531 0.050625 0.060612
2 0.083170 0.471306 0.044426 0.066122
2 0.453869 0.413449 0.017564 0.027551
2 0.423390 0.413449 0.022730 0.023878
2 0.382787 0.422449 0.026862 0.044082
2 0.035902 0.488571 0.071805 0.172653
