2 0.096981 0.549186 0.189469 0.198373
4 0.270607 0.534550 0.106342 0.108710
2 0.343998 0.532544 0.058413 0.079882
2 0.380319 0.532544 0.030705 0.058580
2 0.398667 0.536538 0.014978 0.039941
2 0.410649 0.534541 0.014978 0.038609
2 0.423381 0.531213 0.016476 0.034615
2 0.432742 0.529882 0.014229 0.026627
2 0.440605 0.527219 0.011982 0.026627
2 0.451838 0.525888 0.013480 0.021302
2 0.482917 0.530547 0.021718 0.041272
2 0.507256 0.531213 0.013480 0.023964
2 0.525230 0.531213 0.016476 0.045266
2 0.531221 0.539201 0.019471 0.050592
2 0.555934 0.541864 0.028458 0.071893
2 0.590009 0.547189 0.059162 0.093195
2 0.631822 0.568491 0.081879 0.103846
2 0.714574 0.612426 0.158016 0.165089
2 0.759882 0.538535 0.085374 0.051923
2 0.515993 0.531879 0.008987 0.030621
2 0.637953 0.315491 0.011233 0.033284
