0 0.241970 0.475932 0.020593 0.070169
0 0.278437 0.473644 0.014587 0.080847
0 0.701199 0.457627 0.008581 0.021356
0 0.685754 0.452288 0.008581 0.019831
0 0.615394 0.473644 0.006864 0.038136
0 0.597375 0.474407 0.008581 0.042712
2 0.684639 0.515746 0.096960 0.108305
2 0.528902 0.431847 0.048051 0.035085
2 0.460687 0.471508 0.028316 0.059492
2 0.379602 0.482949 0.042903 0.064068
2 0.108948 0.530760 0.205455 0.156028
2 0.424306 0.488517 0.059205 0.093051
2 0.519550 0.564788 0.141578 0.233390
2 0.855906 0.564712 0.282299 0.546102
