0 0.024370 0.474840 0.044841 0.169833
0 0.157431 0.481772 0.061413 0.207959
2 0.410394 0.480039 0.081884 0.100514
2 0.529321 0.480039 0.042892 0.065854
2 0.677979 0.508633 0.057514 0.081451
2 0.274896 0.482638 0.116977 0.119576
2 0.372864 0.456643 0.063363 0.088383
2 0.446462 0.447112 0.054589 0.083184
2 0.643373 0.495636 0.025345 0.045058
2 0.625339 0.478306 0.024370 0.038126
2 0.610717 0.465308 0.018521 0.039859
2 0.597557 0.459243 0.015597 0.027728
2 0.586834 0.455777 0.015597 0.017330
2 0.503488 0.461842 0.026320 0.043325
2 0.549304 0.456643 0.020471 0.032927
2 0.202273 0.419384 0.043866 0.048524
2 0.239315 0.411586 0.032169 0.029461
