0 0.361654 0.213505 0.017547 0.065854
0 0.344107 0.216104 0.013647 0.064121
2 0.720870 0.405000 0.018521 0.025995
2 0.734030 0.431862 0.017547 0.031194
2 0.702349 0.397202 0.018521 0.031194
2 0.686752 0.422330 0.016572 0.036393
2 0.668231 0.419731 0.022421 0.027728
2 0.617053 0.437061 0.037043 0.045058
2 0.596582 0.433595 0.015597 0.027728
2 0.633625 0.409333 0.031194 0.041592
2 0.581473 0.437927 0.026320 0.036393
2 0.654093 0.453241 0.062381 0.080884
2 0.435252 0.477786 0.139398 0.185430
2 0.699909 0.436480 0.029252 0.035362
