2 0.085783 0.551091 0.113078 0.097048
2 0.190575 0.562356 0.069211 0.077985
2 0.242240 0.570154 0.039967 0.062388
2 0.278795 0.575353 0.035093 0.041592
2 0.300241 0.582285 0.013647 0.034660
2 0.314863 0.584885 0.013647 0.029461
2 0.035580 0.512966 0.071161 0.079718
2 0.328023 0.591817 0.016572 0.025995
2 0.345569 0.595283 0.010723 0.019063
2 0.353855 0.586618 0.011698 0.022529
2 0.365553 0.584885 0.007798 0.015597
2 0.712585 0.770315 0.232004 0.244352
2 0.602919 0.662869 0.063363 0.050257
2 0.514699 0.653338 0.062388 0.086650
2 0.482530 0.634275 0.031194 0.055456
2 0.465958 0.627343 0.015597 0.045058
2 0.456210 0.623011 0.015597 0.029461
2 0.448412 0.614346 0.019496 0.029461
2 0.435252 0.610880 0.010723 0.019063
2 0.401621 0.599615 0.013647 0.027728
2 0.387974 0.587484 0.011698 0.017330
2 0.429403 0.588351 0.010723 0.012131
2 0.569288 0.642073 0.019496 0.029461
2 0.407957 0.577953 0.008773 0.012131
