2 0.058488 0.632542 0.011698 0.017330
4 0.031194 0.622144 0.042892 0.055456
0 0.051665 0.632542 0.005849 0.031194
0 0.024370 0.633408 0.013647 0.053723
0 0.042404 0.630809 0.010723 0.048524
2 0.508850 0.600482 0.031194 0.015597
2 0.477656 0.603081 0.038992 0.024262
2 0.441588 0.598749 0.023395 0.015597
2 0.423067 0.610013 0.015597 0.020796
2 0.407957 0.606547 0.018521 0.017330
2 0.387486 0.605681 0.014622 0.025995
2 0.349469 0.611746 0.014622 0.017330
2 0.321199 0.609147 0.020471 0.022529
0 0.440613 0.615212 0.019496 0.010398
0 0.153532 0.619545 0.006824 0.032927
0 0.166205 0.624744 0.006824 0.029461
0 0.737442 0.580552 0.010723 0.038126
