2 0.314799 0.591104 0.018727 0.021640
2 0.251128 0.591104 0.029963 0.031628
2 0.427347 0.591936 0.005618 0.013317
2 0.442797 0.600259 0.012172 0.016646
2 0.389426 0.587774 0.010300 0.011652
2 0.366485 0.589439 0.007491 0.011652
2 0.376317 0.584445 0.008427 0.011652
2 0.400662 0.585278 0.008427 0.009988
2 0.372103 0.591936 0.011236 0.016646
2 0.438865 0.606917 0.012172 0.019975
2 0.423883 0.600259 0.010300 0.019975
2 0.434183 0.590271 0.008427 0.013317
2 0.389706 0.607750 0.024345 0.041615
2 0.369107 0.579451 0.007491 0.011652
4 0.163018 0.562805 0.085207 0.101541
