2 0.889233 0.558984 0.097559 0.079687
2 0.410009 0.521484 0.092285 0.147656
2 0.515478 0.501562 0.044824 0.065625
2 0.833367 0.546679 0.026697 0.043359
2 0.806506 0.543750 0.034937 0.030469
2 0.769262 0.530664 0.031641 0.037109
2 0.725756 0.538671 0.043506 0.053906
2 0.687524 0.535078 0.030322 0.044531
2 0.751464 0.530390 0.015820 0.039844
2 0.616992 0.512812 0.039551 0.037500
2 0.587329 0.503437 0.019775 0.028125
2 0.566235 0.504609 0.019775 0.030469
2 0.213574 0.462500 0.036914 0.046875
2 0.238623 0.479394 0.039551 0.041211
2 0.455951 0.463776 0.012781 0.026020
2 0.655224 0.530468 0.031641 0.042187
2 0.182593 0.463437 0.022412 0.023750
2 0.267627 0.464765 0.023730 0.025781
2 0.310473 0.473047 0.038232 0.039844
2 0.473103 0.466837 0.009471 0.016837
