2 0.739717 0.449485 0.169330 0.164948
2 0.490593 0.425773 0.032474 0.051546
2 0.389691 0.422680 0.032474 0.045361
2 0.060889 0.415120 0.121778 0.100344
2 0.129317 0.419588 0.042912 0.047423
2 0.181508 0.413402 0.059149 0.068041
2 0.226740 0.414433 0.047552 0.045361
2 0.263273 0.414433 0.020876 0.028866
2 0.283570 0.413402 0.031314 0.026804
2 0.308505 0.414433 0.020876 0.024742
2 0.327642 0.412371 0.022036 0.024742
2 0.349098 0.418557 0.016237 0.012371
2 0.461366 0.420206 0.018557 0.037113
2 0.437822 0.410309 0.031314 0.070103
2 0.416366 0.416495 0.016237 0.032990
2 0.420425 0.419588 0.015077 0.030928
4 0.233119 0.382474 0.041753 0.030928
4 0.905086 0.302577 0.185880 0.142268
4 0.643106 0.342526 0.089304 0.094330
4 0.583376 0.362371 0.046392 0.059794
2 0.549626 0.390309 0.023428 0.014433
