2 0.014521 0.479173 0.023389 0.036037
2 0.039859 0.473628 0.035084 0.041581
2 0.072994 0.476401 0.018711 0.030493
2 0.104570 0.471549 0.024169 0.020791
2 0.154467 0.473628 0.031965 0.024949
2 0.251533 0.477787 0.023389 0.022177
2 0.269855 0.472935 0.019491 0.015246
2 0.292854 0.477094 0.021830 0.020791
2 0.338464 0.492142 0.022610 0.023563
2 0.414479 0.492142 0.012474 0.018018
2 0.496732 0.499765 0.022610 0.033265
2 0.625429 0.514319 0.057694 0.079004
2 0.471727 0.503230 0.065490 0.045739
2 0.396157 0.494221 0.010135 0.019405
2 0.120553 0.501151 0.073287 0.069302
2 0.213720 0.497686 0.075626 0.067916
2 0.382124 0.494221 0.025728 0.033265
2 0.538443 0.539267 0.091998 0.145534
2 0.432077 0.492835 0.014034 0.019405
