2 0.120876 0.535494 0.089682 0.076252
2 0.231517 0.519898 0.045816 0.048524
2 0.304627 0.514699 0.043866 0.051990
2 0.485779 0.519320 0.007798 0.017330
2 0.489678 0.519320 0.005849 0.020796
2 0.495040 0.518453 0.006824 0.022529
2 0.501864 0.511521 0.012673 0.039859
2 0.520385 0.516720 0.034118 0.046791
2 0.557428 0.517587 0.051665 0.076252
2 0.610067 0.540982 0.104304 0.123042
2 0.464203 0.508286 0.042502 0.071746
2 0.421117 0.511233 0.031194 0.041592
2 0.441101 0.516432 0.010723 0.027728
2 0.835215 0.584365 0.327535 0.390963
