2 0.451444 0.392900 0.019883 0.013595
2 0.473239 0.407855 0.011471 0.027190
2 0.467504 0.409214 0.012236 0.019033
2 0.485475 0.424849 0.028295 0.036707
2 0.452592 0.413293 0.022177 0.029909
2 0.448386 0.421450 0.019883 0.021752
2 0.430414 0.403097 0.013000 0.014955
2 0.731972 0.452039 0.063472 0.112840
2 0.113817 0.592976 0.227124 0.549698
0 0.245350 0.425302 0.009941 0.050302
0 0.959479 0.477190 0.019883 0.160423
0 0.981656 0.469033 0.019883 0.160423
0 0.991597 0.473112 0.015295 0.182175
0 0.824122 0.447961 0.013765 0.077492
0 0.813033 0.439577 0.016059 0.087009
0 0.795827 0.439577 0.013765 0.081571
0 0.937684 0.466767 0.043589 0.179456
0 0.971332 0.480363 0.032883 0.168580
0 0.256311 0.425982 0.011471 0.054381
2 0.412698 0.442296 0.056590 0.081571
2 0.598910 0.490332 0.231713 0.326284
