2 0.141645 0.450000 0.023608 0.027979
2 0.168531 0.448834 0.030165 0.020984
2 0.365130 0.448834 0.049838 0.062953
2 0.340866 0.444171 0.014427 0.030311
2 0.334964 0.434845 0.018361 0.020984
2 0.325128 0.432513 0.017050 0.025648
2 0.304143 0.433679 0.022296 0.027979
2 0.282503 0.434845 0.023608 0.020984
2 0.265453 0.440674 0.015738 0.018653
2 0.244469 0.440674 0.023608 0.023316
2 0.228731 0.444171 0.015738 0.025648
2 0.611828 0.445337 0.024919 0.046632
2 0.630845 0.461658 0.041969 0.079275
2 0.672158 0.472150 0.080003 0.104922
2 0.800950 0.501295 0.205910 0.251813
2 0.518054 0.497798 0.207222 0.319430
2 0.896692 0.638860 0.203287 0.489637
3 0.068199 0.366062 0.136399 0.470984
