2 0.445114 0.554374 0.010970 0.015169
2 0.437191 0.563041 0.017065 0.015169
2 0.430487 0.568459 0.018283 0.026003
2 0.421955 0.582544 0.020721 0.023836
2 0.414032 0.564125 0.009751 0.017335
2 0.406109 0.571709 0.008532 0.019502
2 0.399405 0.571709 0.009751 0.019502
2 0.389045 0.576043 0.010970 0.019502
2 0.381731 0.578210 0.010970 0.028170
2 0.367714 0.582544 0.019502 0.028170
2 0.315911 0.598796 0.042661 0.056340
2 0.244605 0.612881 0.075572 0.084510
2 0.158673 0.625882 0.103606 0.123515
2 0.068671 0.660553 0.137342 0.132183
2 0.035761 0.596629 0.071521 0.073676
2 0.511544 0.582544 0.012189 0.023836
2 0.520686 0.583627 0.015846 0.039005
2 0.551768 0.571709 0.017065 0.028170
2 0.538360 0.587961 0.034129 0.047673
2 0.695598 0.580377 0.087761 0.071509
2 0.753732 0.593344 0.059674 0.062773
2 0.913781 0.608547 0.170646 0.140851
2 0.474977 0.612881 0.073134 0.101846
2 0.624902 0.620465 0.085323 0.095345
2 0.645623 0.569542 0.043880 0.032504
