2 0.445361 0.598969 0.009278 0.028866
2 0.438402 0.597938 0.016237 0.026804
2 0.422745 0.593815 0.024356 0.022680
2 0.418686 0.604124 0.025515 0.030928
2 0.390851 0.604124 0.030155 0.039175
2 0.382732 0.613402 0.023196 0.041237
2 0.367655 0.609278 0.025515 0.065979
2 0.324742 0.648454 0.095103 0.160825
3 0.105541 0.644330 0.211083 0.358763
2 0.153093 0.711340 0.306186 0.340206
2 0.461598 0.601031 0.032474 0.049485
2 0.492912 0.609278 0.032474 0.053608
0 0.476675 0.615464 0.011598 0.045361
0 0.507410 0.610309 0.010438 0.059794
