0 0.816904 0.389531 0.027686 0.135937
0 0.714732 0.390703 0.021094 0.128906
0 0.678477 0.386015 0.025049 0.138281
0 0.638926 0.394218 0.027686 0.121875
0 0.596738 0.384843 0.019775 0.117187
0 0.726597 0.383672 0.018457 0.100781
0 0.693638 0.388359 0.021094 0.128906
0 0.663975 0.388359 0.014502 0.128906
0 0.652110 0.395390 0.017139 0.114844
0 0.614536 0.377812 0.026367 0.112500
0 0.557188 0.342656 0.011865 0.023437
2 0.224302 0.349687 0.042187 0.060937
2 0.323179 0.349687 0.015820 0.042187
2 0.308677 0.348515 0.026367 0.063281
2 0.390415 0.355547 0.023730 0.044531
2 0.353501 0.357890 0.047461 0.067969
2 0.273081 0.350859 0.063281 0.086719
2 0.468199 0.382500 0.213574 0.126562
2 0.948740 0.403593 0.101514 0.145312
2 0.016601 0.335545 0.033203 0.038389
