2 0.464452 0.270249 0.012610 0.017435
2 0.449040 0.271495 0.012610 0.024908
2 0.435730 0.276476 0.014011 0.029889
2 0.423121 0.280212 0.014011 0.037362
2 0.412613 0.288930 0.018214 0.049816
2 0.400003 0.288930 0.026620 0.054797
2 0.367779 0.307611 0.037829 0.062269
2 0.309635 0.323801 0.086866 0.119557
2 0.493874 0.270249 0.012610 0.022417
2 0.501580 0.280212 0.014011 0.037362
2 0.533804 0.295157 0.058845 0.082196
2 0.612964 0.346218 0.135903 0.179336
2 0.213662 0.372371 0.180737 0.176845
2 0.480424 0.273985 0.009807 0.019926
