2 0.472463 0.405835 0.027530 0.036707
2 0.394472 0.425755 0.040531 0.053021
2 0.319147 0.418958 0.024471 0.031269
2 0.263321 0.427795 0.029060 0.040785
2 0.234644 0.431193 0.025236 0.042145
2 0.200231 0.438671 0.045119 0.040785
2 0.082081 0.426435 0.122356 0.154985
2 0.501917 0.406042 0.027530 0.048943
2 0.535565 0.413520 0.041295 0.063897
2 0.561183 0.416918 0.025236 0.059819
2 0.583360 0.422356 0.042060 0.070695
2 0.649891 0.437311 0.094062 0.106042
2 0.436702 0.430839 0.052766 0.076133
2 0.051279 0.578347 0.101709 0.246072
2 0.864444 0.384770 0.164417 0.182175
