2 0.054053 0.476367 0.108105 0.075000
2 0.481201 0.424687 0.013184 0.018750
2 0.497680 0.427031 0.011865 0.018750
2 0.513501 0.431718 0.014502 0.023437
2 0.562939 0.435234 0.036914 0.053906
2 0.593920 0.446953 0.040869 0.049219
2 0.631494 0.452812 0.036914 0.056250
2 0.671044 0.471562 0.073828 0.051562
2 0.743554 0.443672 0.110742 0.114844
2 0.465381 0.416718 0.013184 0.023437
2 0.410669 0.429609 0.014502 0.021094
2 0.391552 0.434297 0.018457 0.025781
2 0.362549 0.442500 0.018457 0.032812
2 0.335522 0.437812 0.017139 0.028125
2 0.277514 0.438984 0.011865 0.021094
2 0.831884 0.581250 0.334863 0.393750
4 0.673681 0.389648 0.110742 0.131250
