2 0.453773 0.649005 0.010723 0.012131
2 0.420142 0.648139 0.009748 0.013864
2 0.404545 0.651605 0.009748 0.020796
4 0.367015 0.648139 0.028269 0.041592
2 0.330947 0.654204 0.045816 0.046791
2 0.299266 0.644673 0.025345 0.051990
2 0.238828 0.638607 0.013647 0.015597
2 0.145246 0.651605 0.048740 0.055456
2 0.193499 0.643806 0.078959 0.077985
2 0.077497 0.651605 0.090657 0.062388
2 0.262711 0.655071 0.071161 0.062388
4 0.784720 0.649872 0.111128 0.187163
0 0.142809 0.614346 0.008773 0.012131
0 0.119901 0.623877 0.009748 0.020796
0 0.045329 0.626477 0.016572 0.039859
0 0.835898 0.713993 0.014622 0.103980
0 0.822738 0.716592 0.019496 0.084917
2 0.627289 0.788511 0.349956 0.419384
0 0.935328 0.711393 0.018521 0.081451
2 0.955799 0.813640 0.086758 0.320603
