0 0.801354 0.480262 0.027288 0.098409
2 0.518342 0.458778 0.013254 0.019405
2 0.493394 0.460857 0.024169 0.031879
2 0.459089 0.460857 0.045999 0.059600
2 0.408802 0.467094 0.051457 0.063758
2 0.478970 0.460857 0.012474 0.029107
2 0.432192 0.461550 0.015593 0.036037
2 0.419327 0.450462 0.028847 0.036037
2 0.607612 0.478183 0.015593 0.058214
4 0.544850 0.442146 0.039762 0.080390
2 0.572138 0.480262 0.074066 0.115041
2 0.683237 0.486499 0.079524 0.121971
2 0.246116 0.477259 0.049897 0.074846
2 0.190372 0.442608 0.030406 0.027721
2 0.150220 0.455775 0.060812 0.048511
2 0.114356 0.457161 0.042101 0.048511
2 0.079662 0.439143 0.038203 0.026335
2 0.090187 0.466170 0.060812 0.047125
2 0.194660 0.487654 0.106032 0.084548
2 0.318363 0.473331 0.090439 0.092864
2 0.110554 0.578116 0.219860 0.400565
