2 0.071345 0.568056 0.142105 0.360226
2 0.096531 0.451040 0.038612 0.043683
2 0.116422 0.450000 0.024571 0.045763
2 0.143334 0.442720 0.033932 0.035362
2 0.204762 0.430239 0.021061 0.027042
2 0.287252 0.411518 0.012871 0.022881
2 0.305388 0.393837 0.021061 0.016641
2 0.336395 0.397997 0.015211 0.029122
2 0.348096 0.396957 0.017551 0.022881
2 0.459253 0.389677 0.019891 0.049923
2 0.480314 0.393837 0.026912 0.049923
2 0.502545 0.400077 0.026912 0.058243
2 0.547593 0.396957 0.070204 0.114407
2 0.604488 0.390890 0.102089 0.123074
2 0.666355 0.388637 0.087755 0.122727
2 0.395952 0.415609 0.084245 0.133128
2 0.315217 0.429130 0.058504 0.085285
4 0.246592 0.397304 0.062014 0.076965
