2 0.496797 0.438864 0.011959 0.025512
2 0.470488 0.450557 0.016742 0.023386
2 0.459725 0.448431 0.009567 0.036142
3 0.436406 0.444179 0.029897 0.061654
2 0.429829 0.453746 0.031093 0.046772
2 0.364654 0.468628 0.029897 0.068032
2 0.399932 0.473943 0.057402 0.057402
2 0.333561 0.478195 0.056206 0.061654
0 0.151790 0.470450 0.010763 0.046772
0 0.142223 0.481080 0.013155 0.051024
0 0.129068 0.485332 0.015546 0.068032
0 0.108738 0.505529 0.025113 0.095669
0 0.060904 0.509781 0.017938 0.091417
0 0.045955 0.518285 0.019134 0.091417
2 0.213975 0.503403 0.175792 0.095669
2 0.545230 0.425045 0.013155 0.057402
2 0.627488 0.475765 0.169813 0.129685
0 0.745281 0.586316 0.101649 0.401811
2 0.796703 0.398167 0.034680 0.038268
2 0.827198 0.404545 0.026309 0.034016
2 0.849919 0.409860 0.028701 0.040394
2 0.884002 0.406671 0.039464 0.038268
2 0.527890 0.431119 0.021526 0.031890
0 0.556277 0.437988 0.011695 0.038809
