2 0.536453 0.447011 0.004288 0.011088
2 0.530995 0.449090 0.005068 0.016632
2 0.510140 0.447704 0.017152 0.022177
2 0.469403 0.448743 0.013644 0.035344
4 0.604282 0.425180 0.014423 0.051976
4 0.621629 0.433843 0.034694 0.070688
3 0.579821 0.427952 0.032550 0.069995
4 0.724835 0.404390 0.180293 0.356905
4 0.854938 0.442159 0.038592 0.062372
3 0.912437 0.452555 0.095117 0.101181
0 0.942504 0.499693 0.027288 0.134446
0 0.905665 0.488259 0.034694 0.148999
2 0.396362 0.459845 0.055355 0.068609
2 0.031292 0.454647 0.059643 0.049897
2 0.102240 0.476824 0.128252 0.185729
2 0.226984 0.498654 0.244419 0.257110
