2 0.403906 0.328385 0.010156 0.018229
2 0.414844 0.327604 0.009375 0.012500
2 0.367383 0.327604 0.012891 0.012500
2 0.360937 0.338021 0.014062 0.016667
2 0.334570 0.381771 0.015234 0.020833
2 0.335742 0.407812 0.017578 0.027083
2 0.373828 0.369271 0.018750 0.020833
2 0.369140 0.392969 0.011719 0.023437
2 0.379687 0.411979 0.018750 0.027083
2 0.406640 0.428646 0.035156 0.077083
2 0.422461 0.397396 0.012891 0.018750
2 0.409570 0.338021 0.015234 0.016667
2 0.227344 0.426562 0.025781 0.022917
2 0.174023 0.449479 0.083203 0.077083
2 0.553125 0.410937 0.059766 0.120833
2 0.590625 0.413021 0.017578 0.058333
2 0.016992 0.511979 0.033984 0.089583
2 0.482812 0.427604 0.118359 0.187500
2 0.411621 0.363021 0.016406 0.029167
2 0.377637 0.338021 0.009375 0.012500
2 0.374121 0.350521 0.011719 0.012500
4 0.285937 0.407812 0.057422 0.064583
2 0.995214 0.488021 0.007031 0.112500
2 0.392383 0.329167 0.010547 0.016667
