2 0.021313 0.825367 0.041028 0.318076
2 0.017926 0.661473 0.034145 0.092266
0 0.095093 0.637192 0.027316 0.082554
0 0.129920 0.642048 0.017755 0.082554
0 0.006573 0.600771 0.013146 0.058273
0 0.038413 0.634764 0.020487 0.087410
0 0.052070 0.635978 0.012292 0.080126
0 0.157236 0.643262 0.015024 0.060701
0 0.812812 0.685753 0.025950 0.111691
0 0.847639 0.683325 0.032779 0.131115
0 0.872906 0.699108 0.025950 0.094694
2 0.243963 0.650547 0.111994 0.065558
2 0.454977 0.712462 0.187112 0.310792
2 0.086215 0.635978 0.083313 0.065558
2 0.365518 0.679683 0.051900 0.143256
3 0.605896 0.625052 0.120189 0.174820
3 0.728816 0.646904 0.103800 0.135971
4 0.637775 0.693651 0.162866 0.239803
2 0.320037 0.664342 0.036970 0.042632
