0 0.222164 0.434326 0.013184 0.051562
0 0.122847 0.438232 0.018457 0.043750
2 0.155367 0.439014 0.027246 0.051562
2 0.208540 0.433545 0.012305 0.028125
3 0.118013 0.419482 0.049219 0.081250
2 0.032320 0.443701 0.048340 0.054687
2 0.086373 0.444482 0.049219 0.059375
2 0.190083 0.443701 0.031641 0.048437
0 0.660298 0.302710 0.202148 0.605420
0 0.843111 0.311304 0.196875 0.622607
0 0.957368 0.367920 0.077344 0.343750
0 0.709517 0.414795 0.054492 0.359375
0 0.537251 0.410107 0.061523 0.368750
0 0.471333 0.427295 0.094922 0.350000
0 0.440132 0.433545 0.051855 0.284375
0 0.389595 0.417139 0.056250 0.239062
0 0.339497 0.403076 0.017578 0.045312
0 0.324117 0.399951 0.020215 0.051562
0 0.291597 0.412451 0.020215 0.035937
