2 0.192099 0.341140 0.038612 0.024961
2 0.342453 0.391063 0.042123 0.020801
2 0.663637 0.451387 0.017551 0.020801
2 0.841488 0.481549 0.024571 0.014561
2 0.949719 0.544993 0.028082 0.016641
2 0.917542 0.546033 0.015211 0.018721
2 0.695814 0.511711 0.021061 0.024961
2 0.664807 0.509631 0.015211 0.012481
2 0.646086 0.508590 0.015211 0.014561
2 0.037064 0.476349 0.023401 0.029122
2 0.065146 0.505470 0.014041 0.012481
2 0.070996 0.513791 0.011701 0.016641
2 0.837977 0.572034 0.022231 0.037442
2 0.767773 0.550193 0.078395 0.143529
2 0.566521 0.549153 0.127538 0.232974
2 0.994182 0.489869 0.009361 0.022881
