2 0.360043 0.565318 0.010797 0.023460
2 0.370240 0.556787 0.007198 0.023460
2 0.379237 0.557853 0.008398 0.021327
2 0.388235 0.562119 0.016795 0.029858
2 0.402630 0.568517 0.016795 0.038389
2 0.419425 0.578114 0.033590 0.040521
2 0.583777 0.583446 0.079176 0.110900
2 0.640282 0.558525 0.043431 0.048262
2 0.697143 0.618635 0.176348 0.164218
2 0.523195 0.605839 0.111567 0.125829
2 0.474009 0.585578 0.025193 0.059716
2 0.878862 0.648493 0.242275 0.326303
2 0.346847 0.568517 0.017995 0.034123
2 0.210459 0.574453 0.014502 0.021094
