2 0.065391 0.513750 0.130781 0.243750
2 0.466699 0.448125 0.013711 0.041250
2 0.513633 0.453750 0.021094 0.033750
2 0.438750 0.450000 0.016875 0.045000
2 0.410273 0.451875 0.046406 0.075000
2 0.406582 0.465000 0.043242 0.075000
2 0.458789 0.447187 0.006328 0.024375
3 0.446133 0.437812 0.023203 0.046875
2 0.753152 0.452812 0.123398 0.088125
2 0.834679 0.454687 0.073828 0.106875
2 0.022148 0.693125 0.044297 0.311250
4 0.250488 0.420625 0.292148 0.461250
2 0.488144 0.456250 0.043242 0.060000
5 0.691242 0.496500 0.044297 0.105000
2 0.962402 0.720937 0.072773 0.298125
