0 0.883535 0.475932 0.026600 0.109830
0 0.829049 0.457627 0.018877 0.082373
0 0.774133 0.458390 0.018877 0.080847
0 0.738524 0.460678 0.024883 0.094576
0 0.254155 0.423305 0.012013 0.071695
0 0.134886 0.422733 0.017161 0.094195
0 0.153334 0.427881 0.019735 0.105254
0 0.079799 0.433220 0.037754 0.134237
0 0.099105 0.407669 0.012871 0.103729
0 0.104253 0.425974 0.012871 0.100678
0 0.118411 0.432076 0.013729 0.103729
0 0.266425 0.421398 0.011155 0.067119
0 0.713898 0.451144 0.012013 0.059492
0 0.692447 0.430551 0.008581 0.033559
0 0.983970 0.465636 0.030032 0.225763
2 0.327346 0.430169 0.062638 0.076271
2 0.407574 0.440085 0.073792 0.096102
3 0.519550 0.406525 0.139862 0.273051
2 0.355662 0.422542 0.040328 0.070169
2 0.451764 0.433220 0.019735 0.027458
0 0.241970 0.422161 0.012013 0.074746
