2 0.556587 0.403076 0.012305 0.014062
2 0.559663 0.418701 0.013184 0.010937
2 0.566255 0.431982 0.010547 0.025000
2 0.575923 0.442920 0.015820 0.028125
4 0.576363 0.406982 0.014941 0.028125
2 0.546040 0.443701 0.040430 0.060937
2 0.525386 0.457764 0.055371 0.042187
4 0.633492 0.407764 0.094043 0.192187
2 0.690811 0.456929 0.024111 0.049892
2 0.503413 0.617920 0.210059 0.306250
2 0.774556 0.543701 0.195117 0.245312
2 0.388277 0.404639 0.009668 0.014063
2 0.375972 0.405420 0.007910 0.015625
2 0.369380 0.403076 0.010547 0.010937
2 0.360152 0.403857 0.009668 0.015625
2 0.353121 0.404639 0.007910 0.014063
2 0.347408 0.406201 0.012305 0.017187
2 0.365865 0.423389 0.017578 0.014063
2 0.391353 0.421045 0.015820 0.015625
2 0.329830 0.418701 0.024609 0.035937
2 0.311812 0.407764 0.014941 0.017187
2 0.280171 0.416357 0.021973 0.025000
2 0.299068 0.424951 0.026367 0.023437
2 0.256441 0.416357 0.009668 0.015625
2 0.241939 0.411670 0.015820 0.012500
2 0.217769 0.417139 0.025488 0.023437
2 0.195796 0.417139 0.020215 0.023437
2 0.247212 0.432764 0.043945 0.023437
2 0.131197 0.424170 0.036914 0.031250
2 0.105708 0.419482 0.012305 0.021875
2 0.080660 0.437451 0.062402 0.042187
2 0.036714 0.426514 0.043066 0.026562
2 0.011546 0.420264 0.023091 0.029688
2 0.063401 0.506982 0.126802 0.150000
2 0.405855 0.421826 0.009668 0.014063
2 0.415083 0.422607 0.010547 0.012500
2 0.429585 0.421045 0.009668 0.012500
