0 0.107716 0.578819 0.022421 0.083184
0 0.165230 0.556290 0.016572 0.072786
0 0.793981 0.559756 0.039967 0.121309
0 0.637524 0.527696 0.007798 0.032927
0 0.658483 0.524230 0.006824 0.036393
2 0.271484 0.573620 0.108204 0.103980
4 0.347032 0.518165 0.087733 0.159435
2 0.392848 0.552824 0.011698 0.058922
3 0.417218 0.519031 0.066287 0.095315
2 0.465958 0.536361 0.033143 0.043325
2 0.483992 0.534628 0.006824 0.032927
2 0.492278 0.535494 0.009748 0.031194
2 0.529808 0.532895 0.038018 0.050257
2 0.587322 0.530295 0.026320 0.038126
2 0.563926 0.530295 0.016572 0.034660
3 0.643373 0.512966 0.081884 0.051990
3 0.516161 0.502568 0.022421 0.020796
2 0.507387 0.525963 0.008773 0.019063
