4 0.516151 0.506633 0.038744 0.045918
2 0.325877 0.532653 0.181665 0.318367
2 0.488600 0.547194 0.016358 0.032143
2 0.475686 0.555612 0.028412 0.033673
2 0.455453 0.565561 0.032717 0.053571
2 0.426180 0.564031 0.049936 0.111735
2 0.563935 0.546429 0.017219 0.039796
2 0.575128 0.557143 0.024107 0.061225
2 0.599235 0.554082 0.044770 0.085714
2 0.628508 0.567857 0.058546 0.107143
2 0.679736 0.583164 0.104177 0.153061
2 0.515721 0.554082 0.056824 0.070408
2 0.528635 0.572449 0.070600 0.091837
2 0.845903 0.626021 0.305644 0.278572
2 0.132097 0.642201 0.263457 0.543586
