2 0.053716 0.443742 0.107433 0.047340
2 0.200633 0.447007 0.081722 0.031016
2 0.270418 0.453537 0.039484 0.024486
2 0.342958 0.451905 0.026629 0.021221
2 0.371883 0.443198 0.016528 0.011427
2 0.373719 0.454625 0.020201 0.014692
2 0.394012 0.451524 0.029567 0.018283
2 0.524951 0.445157 0.011937 0.017956
2 0.515126 0.442709 0.009550 0.013059
2 0.503832 0.450054 0.010101 0.014692
2 0.614111 0.442709 0.007346 0.013059
2 0.605847 0.443525 0.011019 0.017956
2 0.613193 0.453319 0.014692 0.021221
2 0.620080 0.457400 0.015610 0.022854
2 0.629262 0.468827 0.017446 0.035913
2 0.643403 0.476989 0.024792 0.045707
2 0.652585 0.487600 0.015610 0.057134
2 0.690049 0.494946 0.070704 0.091415
2 0.586748 0.452177 0.010101 0.013059
2 0.579861 0.455441 0.016528 0.013059
2 0.582922 0.512848 0.089068 0.112636
2 0.450238 0.493259 0.078968 0.135490
2 0.851555 0.546975 0.294751 0.341173
