0 0.722820 0.552824 0.016572 0.055456
2 0.056539 0.611746 0.111128 0.149037
2 0.136473 0.592683 0.058488 0.100514
2 0.174003 0.590084 0.030219 0.074519
2 0.192525 0.573620 0.012673 0.027728
2 0.225181 0.600482 0.115027 0.123042
2 0.288543 0.575353 0.027295 0.034660
2 0.607793 0.569288 0.069211 0.105712
2 0.565389 0.571887 0.029244 0.069320
2 0.545892 0.564955 0.017547 0.065854
2 0.549304 0.551091 0.049715 0.072786
2 0.518598 0.554557 0.021446 0.034660
2 0.501051 0.545026 0.023395 0.036393
2 0.476194 0.558023 0.039967 0.055456
2 0.939227 0.515565 0.065312 0.057189
2 0.661895 0.581419 0.095531 0.105712
2 0.431352 0.570154 0.061413 0.090116
2 0.341670 0.570154 0.041917 0.038126
2 0.387974 0.557157 0.023395 0.025995
2 0.367990 0.554557 0.014622 0.020796
