2 0.371306 0.536396 0.024949 0.040195
2 0.329205 0.548177 0.038982 0.047125
2 0.488475 0.542750 0.014283 0.031740
2 0.512875 0.541692 0.020234 0.033856
2 0.528587 0.550156 0.020234 0.050784
2 0.559771 0.553330 0.034517 0.044436
2 0.593693 0.563910 0.042849 0.044436
2 0.625234 0.558620 0.039278 0.071944
2 0.668678 0.572374 0.066654 0.099451
2 0.728547 0.585070 0.063083 0.107915
2 0.804128 0.588244 0.107122 0.126959
2 0.868520 0.599882 0.124975 0.133307
2 0.410038 0.542962 0.017854 0.025392
2 0.954953 0.684936 0.086888 0.196787
