2 0.509807 0.474324 0.082095 0.113108
2 0.713505 0.425980 0.027707 0.031014
2 0.250696 0.446047 0.062597 0.067500
2 0.574457 0.433277 0.026681 0.031014
2 0.623200 0.421419 0.021550 0.018243
2 0.344932 0.437578 0.038232 0.035156
2 0.783286 0.411797 0.021094 0.025781
2 0.754282 0.422343 0.018457 0.028125
2 0.695615 0.424687 0.011865 0.023437
2 0.683750 0.418828 0.011865 0.021094
2 0.656065 0.416484 0.011865 0.021094
2 0.595420 0.416484 0.027686 0.030469
2 0.455015 0.431718 0.023730 0.023437
0 0.869639 0.414140 0.011865 0.063281
0 0.851182 0.414140 0.017139 0.063281
