2 0.557006 0.441211 0.029004 0.056250
2 0.465249 0.444375 0.011865 0.028125
2 0.427675 0.442031 0.010547 0.023437
2 0.405923 0.442031 0.006592 0.018750
2 0.364197 0.440039 0.015820 0.032812
2 0.286413 0.443554 0.044824 0.039844
2 0.503152 0.463418 0.076860 0.114726
2 0.336841 0.441211 0.039551 0.051562
2 0.388916 0.438867 0.025049 0.042187
2 0.445605 0.440039 0.025049 0.035156
4 0.606972 0.447187 0.073828 0.121875
2 0.675395 0.477187 0.061436 0.090937
2 0.797607 0.483203 0.184570 0.166406
2 0.922192 0.499609 0.154248 0.316406
2 0.148315 0.495937 0.238623 0.281250
2 0.414360 0.443437 0.011865 0.028125
