2 0.508379 0.557609 0.019379 0.033176
2 0.495101 0.567817 0.018661 0.033176
2 0.483115 0.572921 0.025121 0.040832
2 0.464812 0.579939 0.038758 0.080388
2 0.430935 0.592061 0.055984 0.081664
2 0.393038 0.606416 0.095604 0.118029
2 0.278844 0.669258 0.179436 0.206711
2 0.535080 0.540383 0.007895 0.014036
2 0.566302 0.567179 0.012919 0.044660
2 0.574556 0.565903 0.016508 0.049764
2 0.593217 0.567179 0.036605 0.057420
2 0.602189 0.576749 0.030145 0.063800
2 0.617979 0.585681 0.043065 0.079112
2 0.655805 0.592061 0.075363 0.142911
2 0.707339 0.616092 0.112686 0.187571
2 0.550691 0.552824 0.026557 0.038280
2 0.527723 0.540702 0.013637 0.016588
2 0.134936 0.772614 0.269872 0.401938
2 0.822537 0.662240 0.261260 0.257751
