0 0.077964 0.589921 0.029004 0.100781
0 0.148497 0.575859 0.025049 0.096094
0 0.183433 0.570000 0.018457 0.084375
0 0.298130 0.548906 0.015820 0.060937
0 0.023912 0.598125 0.034277 0.126562
0 0.285606 0.550078 0.011865 0.053906
0 0.263194 0.555937 0.014502 0.051562
0 0.384483 0.551250 0.009229 0.032812
0 0.376573 0.555937 0.011865 0.028125
0 0.668589 0.539531 0.010547 0.037500
0 0.678477 0.539531 0.009229 0.037500
0 0.656065 0.538359 0.011865 0.039844
0 0.641563 0.540703 0.009229 0.039844
0 0.004046 0.623906 0.008091 0.168750
2 0.200572 0.559453 0.068555 0.039844
2 0.122789 0.554765 0.050098 0.025781
2 0.598057 0.548906 0.022412 0.046875
2 0.925010 0.502031 0.032959 0.028125
2 0.875571 0.519609 0.084375 0.072656
2 0.818882 0.518437 0.029004 0.032812
2 0.072600 0.579375 0.145201 0.075000
2 0.751646 0.550078 0.152930 0.133594
2 0.512364 0.647343 0.206982 0.309375
2 0.964560 0.500859 0.038232 0.039844
