2 0.545892 0.585231 0.011698 0.019063
2 0.515673 0.584365 0.015597 0.017330
2 0.492278 0.586964 0.017547 0.015597
2 0.561002 0.582632 0.018521 0.013864
2 0.581960 0.580899 0.015597 0.013864
2 0.167667 0.588697 0.050690 0.046791
2 0.532245 0.587831 0.023395 0.031194
2 0.671144 0.602647 0.088729 0.123213
4 0.407957 0.575700 0.026320 0.034660
4 0.391873 0.568768 0.023395 0.048524
4 0.354830 0.564435 0.058488 0.057189
4 0.304140 0.567035 0.062388 0.058922
4 0.232004 0.561836 0.140372 0.076252
2 0.030219 0.586964 0.060438 0.067587
4 0.076522 0.546239 0.153045 0.135173
