0 0.020616 0.413672 0.040869 0.363281
0 0.090489 0.455859 0.056689 0.297656
0 0.385801 0.451172 0.035596 0.236719
0 0.408213 0.468750 0.011865 0.070312
0 0.424034 0.471093 0.011865 0.065625
0 0.444468 0.469922 0.013184 0.067969
0 0.458970 0.478125 0.007910 0.065625
2 0.498521 0.461718 0.021094 0.023437
2 0.553892 0.482812 0.021094 0.018750
2 0.552573 0.471093 0.018457 0.028125
2 0.579600 0.475781 0.027686 0.042187
2 0.600034 0.485156 0.018457 0.042187
2 0.632334 0.489843 0.046143 0.056250
2 0.886118 0.555468 0.226758 0.435937
0 0.685728 0.491015 0.013184 0.063281
2 0.192662 0.492187 0.052734 0.056250
