2 0.629426 0.345142 0.011996 0.019194
0 0.659417 0.343009 0.009597 0.027725
2 0.646221 0.354739 0.021594 0.034123
4 0.605433 0.329147 0.016795 0.038389
2 0.611431 0.359004 0.019194 0.025592
2 0.591637 0.344076 0.010797 0.021327
2 0.576041 0.344076 0.015595 0.021327
2 0.566444 0.368602 0.039588 0.053318
2 0.679211 0.339810 0.017995 0.021327
2 0.701067 0.356292 0.043862 0.054291
2 0.721798 0.322749 0.023993 0.029858
2 0.833965 0.307820 0.027592 0.034123
2 0.855558 0.362204 0.044387 0.087441
2 0.895746 0.369668 0.093572 0.123697
2 0.941933 0.371801 0.041988 0.145024
2 0.781121 0.361707 0.111686 0.141898
2 0.327115 0.402725 0.083975 0.104502
2 0.433884 0.376066 0.141558 0.221801
2 0.152161 0.453910 0.304322 0.543839
