2 0.476131 0.408662 0.010300 0.011652
2 0.485026 0.408662 0.009363 0.024969
2 0.498135 0.411991 0.018727 0.021640
2 0.509839 0.409495 0.015918 0.029963
2 0.532312 0.412824 0.032772 0.033292
2 0.568829 0.418650 0.044008 0.058261
2 0.604878 0.426973 0.035581 0.074908
2 0.631096 0.428638 0.037454 0.054932
2 0.693363 0.428638 0.102062 0.118187
2 0.809938 0.432799 0.177905 0.193095
2 0.401223 0.410327 0.019663 0.021640
2 0.388115 0.413656 0.014045 0.021640
2 0.373601 0.418650 0.024345 0.031628
2 0.223318 0.432799 0.073971 0.089889
2 0.267794 0.433631 0.029963 0.054932
2 0.167606 0.438625 0.084271 0.091554
2 0.086144 0.464427 0.123597 0.099877
2 0.940090 0.498551 0.116107 0.214735
