2 0.376038 0.587311 0.016633 0.032628
2 0.387222 0.591390 0.010324 0.018353
2 0.359979 0.588841 0.022368 0.041805
2 0.348795 0.595978 0.020648 0.037727
2 0.333596 0.597508 0.022368 0.040785
2 0.328434 0.600057 0.026957 0.045884
2 0.305205 0.604645 0.043589 0.059139
2 0.140102 0.624058 0.152563 0.152946
2 0.418481 0.591390 0.013192 0.020393
2 0.437121 0.586801 0.010324 0.017334
2 0.445724 0.587821 0.010324 0.025491
2 0.452607 0.586801 0.012618 0.027530
2 0.464938 0.587821 0.023515 0.035687
2 0.489314 0.585782 0.032119 0.047923
2 0.505086 0.591900 0.024662 0.049962
2 0.528315 0.596998 0.034413 0.066276
2 0.550970 0.602606 0.029251 0.067296
2 0.597547 0.606419 0.092581 0.102983
2 0.666206 0.597242 0.086032 0.162122
2 0.824204 0.604645 0.299427 0.283459
