2 0.399094 0.565166 0.009597 0.012796
2 0.378700 0.565166 0.014396 0.012796
2 0.308521 0.572630 0.020394 0.036256
2 0.281529 0.572630 0.026392 0.027725
2 0.255137 0.575829 0.028791 0.051185
2 0.227545 0.579028 0.043187 0.049052
2 0.181359 0.586493 0.073178 0.055450
2 0.435683 0.565166 0.010797 0.021327
2 0.453078 0.568365 0.016795 0.019194
2 0.464475 0.567298 0.017995 0.017062
2 0.476471 0.583293 0.056383 0.057583
2 0.537653 0.590758 0.056383 0.081043
2 0.746991 0.593957 0.093572 0.057583
2 0.900545 0.588625 0.122364 0.051185
2 0.904144 0.640876 0.148756 0.087441
2 0.730795 0.711255 0.269920 0.211137
2 0.922081 0.770971 0.155838 0.356161
