2 0.335560 0.372079 0.016142 0.018715
2 0.318015 0.370207 0.014738 0.027449
2 0.303276 0.375198 0.017546 0.032440
2 0.282221 0.372079 0.032986 0.053651
2 0.264325 0.386427 0.043513 0.049908
2 0.218706 0.397656 0.042110 0.067375
2 0.166420 0.397033 0.068077 0.093577
2 0.405129 0.374931 0.004211 0.029945
2 0.411445 0.375554 0.014037 0.036183
2 0.419867 0.378674 0.018247 0.042421
2 0.430394 0.382417 0.035091 0.049908
2 0.448642 0.391774 0.040706 0.051155
2 0.096431 0.414358 0.133908 0.108549
2 0.558512 0.441183 0.080008 0.197135
4 0.664839 0.461146 0.193002 0.314418
2 0.870277 0.638217 0.256868 0.557717
0 0.496541 0.383041 0.010527 0.052403
0 0.533738 0.389279 0.016142 0.054898
2 0.380389 0.367444 0.016844 0.023706
