2 0.102326 0.545864 0.060357 0.048660
2 0.181983 0.524653 0.040004 0.036183
2 0.353229 0.500323 0.021757 0.024954
2 0.287959 0.542121 0.090535 0.108549
2 0.398847 0.508433 0.037197 0.053651
2 0.451484 0.543992 0.058251 0.082347
2 0.460608 0.491590 0.017546 0.022458
2 0.470784 0.474746 0.015440 0.016220
2 0.521316 0.469755 0.008422 0.016220
2 0.470784 0.460397 0.008422 0.014972
2 0.418498 0.481608 0.010527 0.009982
2 0.377792 0.488470 0.017546 0.021211
2 0.251815 0.515296 0.014037 0.022458
2 0.443764 0.472874 0.011931 0.014972
2 0.429377 0.480984 0.014037 0.016220
2 0.507279 0.477241 0.015440 0.021211
2 0.484821 0.460397 0.008422 0.012477
2 0.496401 0.454159 0.009124 0.012477
2 0.505525 0.454783 0.007720 0.011229
2 0.512543 0.452911 0.007720 0.009982
2 0.520263 0.452287 0.006316 0.011229
