3 0.205545 0.440047 0.411090 0.426540
0 0.430285 0.513625 0.016795 0.066114
2 0.500464 0.512559 0.022793 0.042654
2 0.615030 0.512559 0.035989 0.034123
2 0.678611 0.518957 0.033590 0.042654
2 0.648020 0.523222 0.034790 0.038389
2 0.579041 0.523222 0.045586 0.063981
2 0.526256 0.530687 0.069579 0.078910
2 0.760187 0.507227 0.047986 0.053318
2 0.898146 0.484834 0.011996 0.021327
2 0.887949 0.482701 0.010797 0.017062
3 0.863356 0.485900 0.028791 0.027725
2 0.838164 0.492298 0.021594 0.023460
2 0.917940 0.484834 0.015595 0.021327
2 0.932336 0.489099 0.017995 0.021327
2 0.944932 0.484834 0.009597 0.012796
2 0.952130 0.486966 0.014396 0.017062
2 0.967125 0.497630 0.017995 0.029858
