0 0.016345 0.513828 0.009597 0.044787
0 0.355844 0.476506 0.009597 0.051185
0 0.889086 0.467975 0.020394 0.076777
0 0.917278 0.344279 0.021594 0.081043
2 0.388565 0.459597 0.010797 0.019194
2 0.381367 0.464929 0.013196 0.021327
2 0.368770 0.463862 0.014396 0.023460
2 0.324983 0.475592 0.020394 0.021327
2 0.297392 0.483057 0.027592 0.027725
2 0.223614 0.479858 0.033590 0.029858
2 0.197221 0.481990 0.040788 0.038389
2 0.155234 0.492654 0.071979 0.038389
2 0.256004 0.486256 0.043187 0.042654
2 0.483756 0.462796 0.007198 0.044787
2 0.502351 0.465995 0.027592 0.046919
2 0.532342 0.480924 0.041988 0.068246
2 0.658305 0.495853 0.049185 0.072512
2 0.441082 0.477725 0.086374 0.132227
2 0.599434 0.505450 0.105569 0.132227
2 0.746991 0.489455 0.131961 0.159953
2 0.958670 0.471327 0.082660 0.081043
