2 0.401621 0.516093 0.014502 0.042187
2 0.387779 0.520781 0.021094 0.042187
2 0.358775 0.520781 0.042187 0.075000
2 0.339659 0.520781 0.054053 0.093750
2 0.288902 0.526640 0.071191 0.114844
2 0.249351 0.545390 0.076465 0.119531
2 0.466880 0.510234 0.013184 0.021094
2 0.519615 0.519609 0.052734 0.082031
2 0.480064 0.514922 0.021094 0.035156
2 0.546641 0.547734 0.067236 0.091406
4 0.429966 0.523125 0.052734 0.089062
0 0.673862 0.544218 0.029004 0.107812
4 0.118743 0.560625 0.237486 0.309375
2 0.946763 0.828984 0.105469 0.316406
