0 0.068027 0.493125 0.036914 0.097500
1 0.652500 0.534062 0.035156 0.201875
5 0.656015 0.651250 0.016875 0.002500
2 0.110215 0.498750 0.047461 0.052500
0 0.138691 0.482812 0.013711 0.028125
2 0.148184 0.508125 0.053789 0.052500
2 0.225176 0.555000 0.216211 0.228750
5 0.297949 0.558750 0.068555 0.007500
2 0.671836 0.541250 0.069609 0.082500
2 0.727734 0.534687 0.048516 0.058125
2 0.816855 0.510312 0.188789 0.110625
2 0.926748 0.555137 0.038379 0.046875
2 0.963991 0.536318 0.068568 0.080762
0 0.976113 0.488437 0.012656 0.041250
2 0.490430 0.513750 0.330117 0.421875
2 0.068555 0.572812 0.137109 0.240000
