2 0.573087 0.358505 0.057355 0.077492
2 0.277137 0.338112 0.052766 0.061178
2 0.332771 0.325876 0.028677 0.036707
2 0.388635 0.320217 0.020189 0.025389
2 0.413068 0.316699 0.017206 0.022432
2 0.456829 0.316597 0.016059 0.022432
2 0.028677 0.355174 0.057355 0.067296
2 0.182388 0.326794 0.025236 0.012236
2 0.225977 0.320676 0.036707 0.020393
2 0.359040 0.315578 0.011471 0.010196
2 0.374526 0.322715 0.010324 0.020393
2 0.400909 0.316597 0.012618 0.020393
2 0.444498 0.316597 0.008030 0.016314
2 0.613694 0.317617 0.019501 0.038746
2 0.602223 0.328833 0.033266 0.053021
2 0.537986 0.332912 0.030971 0.053021
2 0.578708 0.313539 0.018353 0.018353
2 0.084698 0.378285 0.129621 0.104003
