0 0.218246 0.536280 0.013155 0.055276
0 0.211070 0.549036 0.015546 0.072283
0 0.198514 0.546910 0.014350 0.072283
0 0.101051 0.528839 0.015546 0.078661
0 0.084907 0.528839 0.031093 0.078661
0 0.049628 0.521398 0.032288 0.102047
0 0.021526 0.525650 0.016742 0.051024
0 0.008371 0.513957 0.011959 0.031890
0 0.634407 0.540532 0.010763 0.059528
0 0.915735 0.540532 0.022721 0.119055
0 0.890622 0.534154 0.025113 0.131811
0 0.923508 0.544784 0.031093 0.144567
0 0.943838 0.549036 0.019134 0.136063
0 0.956992 0.552225 0.033484 0.150945
0 0.979714 0.547973 0.031093 0.167953
2 0.360554 0.547795 0.044247 0.085039
2 0.280431 0.542480 0.125566 0.172205
2 0.496883 0.526181 0.251132 0.344410
2 0.752798 0.564449 0.203297 0.229606
2 0.031773 0.625571 0.063545 0.220039
0 0.663320 0.534175 0.009951 0.055796
