2 0.396259 0.395989 0.014622 0.022529
2 0.392848 0.409853 0.015597 0.029461
2 0.384074 0.422850 0.015597 0.038126
2 0.368477 0.424583 0.033143 0.058922
2 0.440613 0.397722 0.019496 0.022529
2 0.447924 0.412452 0.016572 0.027728
2 0.462546 0.426316 0.020471 0.051990
2 0.490328 0.433248 0.046791 0.069320
2 0.523472 0.447112 0.056539 0.079718
2 0.590246 0.470507 0.123801 0.133440
2 0.224206 0.487837 0.155969 0.195828
2 0.776434 0.489570 0.270022 0.317137
2 0.340695 0.438447 0.045816 0.065854
2 0.914370 0.506034 0.169617 0.575353
2 0.423554 0.389057 0.014622 0.022529
2 0.042404 0.613479 0.084808 0.298075
