0 0.110503 0.541767 0.017589 0.099245
0 0.066914 0.517976 0.013000 0.024471
0 0.087179 0.514577 0.015295 0.033988
0 0.033266 0.511178 0.009941 0.021752
0 0.020648 0.516616 0.010706 0.029909
0 0.010324 0.515257 0.011471 0.035347
0 0.737045 0.515257 0.013765 0.078852
0 0.748898 0.511178 0.017589 0.078852
0 0.760369 0.513897 0.016059 0.076133
0 0.826518 0.533610 0.027530 0.126435
0 0.839518 0.500302 0.021412 0.103323
0 0.858254 0.513217 0.025236 0.134592
0 0.860931 0.509139 0.026001 0.129154
0 0.887314 0.505740 0.029824 0.119637
0 0.876990 0.517296 0.024471 0.129154
0 0.909873 0.508459 0.027530 0.125076
0 0.963099 0.508459 0.022942 0.081571
0 0.942451 0.532930 0.039766 0.135952
0 0.991393 0.527492 0.016824 0.144109
2 0.404159 0.491465 0.042060 0.093807
2 0.585705 0.525453 0.022177 0.055740
2 0.610559 0.521375 0.056590 0.072054
2 0.671355 0.529532 0.086414 0.099245
2 0.104246 0.543826 0.055825 0.092447
2 0.171542 0.539747 0.109356 0.092447
3 0.299252 0.477210 0.164417 0.206647
2 0.477051 0.563230 0.194241 0.255589
