0 0.718687 0.732890 0.007910 0.030469
0 0.713413 0.732890 0.007910 0.035156
0 0.154429 0.759843 0.023730 0.121875
0 0.121470 0.757499 0.026367 0.126562
0 0.104332 0.757499 0.023730 0.131250
0 0.366026 0.743437 0.025049 0.084375
0 0.346250 0.751640 0.014502 0.086719
0 0.321202 0.751640 0.011865 0.067969
0 0.416123 0.718828 0.011865 0.025781
0 0.400303 0.721171 0.014502 0.025781
0 0.926987 0.746953 0.013184 0.053906
0 0.137291 0.775078 0.036914 0.133594
1 0.281651 0.773906 0.048779 0.154687
1 0.776694 0.734062 0.013184 0.032812
5 0.777354 0.743453 0.011865 0.024262
5 0.282310 0.819609 0.042187 0.114844
0 0.335044 0.750468 0.021094 0.089062
0 0.640903 0.731718 0.010547 0.028125
2 0.654746 0.731718 0.014502 0.023437
2 0.665293 0.731718 0.011865 0.028125
2 0.741099 0.727031 0.010547 0.023437
2 0.763511 0.729374 0.010547 0.018750
2 0.777354 0.731718 0.014502 0.018750
4 0.731870 0.721171 0.023730 0.025781
4 0.557847 0.731718 0.068555 0.103125
2 0.513682 0.755156 0.083057 0.103125
2 0.754282 0.728203 0.015820 0.025781
2 0.616514 0.732890 0.038232 0.058594
2 0.434580 0.786796 0.135791 0.128906
4 0.682432 0.717656 0.030322 0.065625
4 0.861729 0.728203 0.125244 0.171094
