2 0.713213 0.670559 0.037969 0.033750
2 0.595810 0.639474 0.014988 0.021316
2 0.525867 0.602171 0.010991 0.017763
2 0.535859 0.604836 0.008993 0.015987
2 0.542853 0.607500 0.010991 0.014211
2 0.588815 0.660789 0.026978 0.046184
2 0.194640 0.613717 0.031974 0.030197
2 0.431445 0.609276 0.013988 0.017763
2 0.416957 0.607500 0.014988 0.014211
2 0.404967 0.602171 0.012989 0.017763
2 0.415958 0.668783 0.022981 0.094145
2 0.297555 0.735395 0.255789 0.376579
2 0.778659 0.693651 0.048960 0.040855
4 0.879076 0.690099 0.185847 0.147434
