0 0.019042 0.516657 0.036729 0.334643
0 0.059203 0.510365 0.028167 0.204527
0 0.752029 0.501965 0.006428 0.022854
0 0.746061 0.501965 0.007346 0.032648
0 0.738715 0.504414 0.009182 0.027751
0 0.723105 0.510943 0.009182 0.034281
0 0.703363 0.517473 0.010101 0.040810
0 0.693263 0.511759 0.010101 0.045707
0 0.713464 0.510127 0.011937 0.055502
3 0.522319 0.462515 0.048666 0.045707
3 0.639380 0.487273 0.116030 0.125695
2 0.629572 0.523186 0.044993 0.086518
2 0.476588 0.501399 0.019664 0.049204
2 0.488716 0.513392 0.021119 0.047340
2 0.510753 0.517473 0.037647 0.071826
2 0.845477 0.555866 0.305770 0.426058
2 0.362594 0.549337 0.234360 0.328114
2 0.566088 0.527267 0.112024 0.163241
0 0.128311 0.468734 0.029383 0.087684
4 0.450968 0.455660 0.036254 0.097716
