4 0.405692 0.453910 0.029991 0.070379
2 0.382299 0.478436 0.021594 0.029858
2 0.355307 0.467772 0.041988 0.046919
2 0.312120 0.484834 0.020394 0.025592
2 0.294125 0.489099 0.025193 0.029858
0 0.260535 0.480568 0.010797 0.029858
4 0.173561 0.444312 0.165551 0.170616
2 0.070991 0.499763 0.056383 0.085308
2 0.026005 0.502962 0.050385 0.053317
4 0.450679 0.461374 0.047986 0.068246
2 0.477671 0.473104 0.017995 0.027725
4 0.492066 0.458175 0.022793 0.044787
2 0.517259 0.469905 0.015595 0.025592
2 0.538852 0.467772 0.010797 0.021327
2 0.544851 0.467772 0.015595 0.021327
2 0.556247 0.468839 0.009597 0.023460
2 0.564645 0.473104 0.011996 0.031990
2 0.597035 0.473104 0.028791 0.057583
2 0.615630 0.478436 0.020394 0.068246
2 0.632425 0.486966 0.037189 0.093839
2 0.592836 0.450711 0.053984 0.089573
2 0.682810 0.481635 0.094772 0.155687
2 0.786579 0.498696 0.196742 0.232464
2 0.910084 0.574407 0.179831 0.336967
