2 0.042101 0.424127 0.081083 0.130287
2 0.981184 0.533624 0.035084 0.099795
2 0.862288 0.456006 0.180878 0.110883
2 0.435042 0.423434 0.038982 0.059600
4 0.100964 0.383239 0.077185 0.084548
4 0.223758 0.389476 0.024949 0.036037
4 0.388653 0.392248 0.021050 0.038809
0 0.631903 0.442146 0.021050 0.110883
2 0.553938 0.425513 0.055355 0.041581
2 0.617869 0.410267 0.063151 0.044353
2 0.415941 0.415118 0.014813 0.042967
2 0.405026 0.410267 0.005458 0.030493
2 0.397229 0.408881 0.007017 0.022177
2 0.195301 0.394327 0.008576 0.018018
2 0.145014 0.398485 0.009356 0.026335
2 0.180098 0.395020 0.017152 0.019405
2 0.204657 0.394327 0.010135 0.018018
2 0.256114 0.395020 0.010135 0.019405
2 0.275215 0.398485 0.007796 0.012474
2 0.284181 0.399872 0.008576 0.009702
2 0.343044 0.401951 0.009356 0.011088
2 0.356298 0.404030 0.009356 0.009702
2 0.367603 0.402644 0.007017 0.012474
2 0.244809 0.392941 0.009356 0.020791
