2 0.558533 0.511351 0.009564 0.028904
2 0.549926 0.514752 0.019128 0.035705
2 0.472936 0.486697 0.004782 0.013602
2 0.466719 0.484997 0.009564 0.010202
2 0.449026 0.475646 0.012433 0.008501
2 0.451895 0.484997 0.016259 0.010202
2 0.453330 0.498599 0.019128 0.020403
2 0.482978 0.487547 0.009564 0.011902
2 0.505453 0.486697 0.037299 0.027204
2 0.582443 0.516452 0.042081 0.062909
2 0.686211 0.523253 0.044950 0.086713
2 0.931765 0.582762 0.086075 0.137720
2 0.387578 0.481597 0.019128 0.027204
2 0.433963 0.466294 0.008608 0.013602
2 0.422486 0.466294 0.012433 0.013602
2 0.424877 0.487547 0.026779 0.035705
2 0.408140 0.490098 0.041125 0.027204
2 0.354104 0.480746 0.055471 0.042506
2 0.273289 0.473945 0.106160 0.056108
2 0.213515 0.478196 0.072686 0.047607
2 0.105681 0.467144 0.115723 0.062909
2 0.018171 0.450142 0.036343 0.093514
2 0.514539 0.541531 0.073642 0.108816
2 0.636957 0.533879 0.081293 0.117317
2 0.809108 0.606140 0.220927 0.231234
