2 0.025345 0.591817 0.046791 0.247818
2 0.135986 0.577086 0.213483 0.218357
2 0.278795 0.555424 0.070186 0.143838
2 0.332897 0.551958 0.053614 0.091849
2 0.377738 0.535494 0.034118 0.058922
2 0.406495 0.524230 0.021446 0.043325
2 0.429403 0.523364 0.026320 0.045058
2 0.456697 0.512966 0.022421 0.031194
2 0.697475 0.520764 0.143297 0.157702
2 0.622902 0.525096 0.029244 0.062388
2 0.597557 0.506900 0.029244 0.046791
2 0.571725 0.498235 0.016572 0.036393
2 0.561002 0.499102 0.012673 0.031194
2 0.873915 0.578819 0.246626 0.305007
2 0.472782 0.509500 0.009748 0.027728
2 0.485942 0.505167 0.014622 0.008665
2 0.552229 0.492170 0.012673 0.020796
2 0.542481 0.484371 0.010723 0.019063
