2 0.636725 0.524191 0.019891 0.024961
2 0.801120 0.588675 0.077225 0.079045
2 0.464140 0.496110 0.014041 0.018721
2 0.448929 0.494030 0.014041 0.018721
2 0.434303 0.492990 0.010531 0.012481
2 0.419092 0.504430 0.010531 0.018721
2 0.343038 0.501310 0.017551 0.016641
2 0.320221 0.509631 0.030422 0.041602
2 0.254697 0.495070 0.028082 0.033282
2 0.434888 0.507550 0.014041 0.016641
2 0.361174 0.515871 0.053823 0.058243
2 0.287459 0.521071 0.065524 0.060324
2 0.216085 0.515871 0.081905 0.074884
2 0.122480 0.522111 0.105306 0.070724
2 0.155827 0.492990 0.038612 0.029122
2 0.536684 0.599076 0.161470 0.162250
2 0.933338 0.596996 0.121687 0.079045
0 0.994182 0.605316 0.009361 0.058243
0 0.652521 0.532512 0.009361 0.033282
0 0.654276 0.549153 0.010531 0.066564
0 0.642576 0.544993 0.008190 0.066564
0 0.902331 0.546033 0.015211 0.027042
0 0.915202 0.547073 0.010531 0.020801
