2 0.322286 0.522992 0.020330 0.025512
2 0.339626 0.511299 0.009567 0.023386
2 0.305544 0.517677 0.017938 0.031890
2 0.299565 0.528307 0.022721 0.031890
2 0.288802 0.529370 0.022721 0.042520
2 0.264286 0.531496 0.045443 0.068032
2 0.250534 0.543189 0.029897 0.074409
2 0.217648 0.550630 0.074144 0.102047
2 0.199112 0.576142 0.063381 0.114803
2 0.121380 0.576142 0.156659 0.212598
2 0.059195 0.630355 0.118391 0.329528
2 0.352781 0.511299 0.014350 0.027638
2 0.358760 0.525118 0.014350 0.029764
2 0.366533 0.522992 0.015546 0.038268
2 0.376698 0.530433 0.021526 0.040394
2 0.392842 0.529370 0.032288 0.055276
2 0.402409 0.537874 0.025113 0.055276
2 0.441873 0.545315 0.068164 0.099921
2 0.458615 0.563386 0.070556 0.106299
2 0.507645 0.572953 0.084907 0.159449
2 0.625677 0.597402 0.236782 0.276378
2 0.835477 0.735378 0.324080 0.503858
