2 0.443880 0.495324 0.010926 0.014568
2 0.450709 0.492896 0.013658 0.024281
2 0.458903 0.495324 0.008195 0.019424
2 0.465732 0.497752 0.008195 0.019424
2 0.477341 0.494110 0.015024 0.026709
2 0.480073 0.500180 0.017755 0.029137
2 0.506023 0.500180 0.039608 0.063130
2 0.518998 0.508678 0.046437 0.065558
2 0.435002 0.498966 0.009560 0.026709
3 0.413832 0.489254 0.040974 0.065558
2 0.386517 0.503822 0.019121 0.026709
2 0.364664 0.509892 0.032779 0.033993
2 0.310033 0.512321 0.032779 0.033993
2 0.236281 0.519605 0.049168 0.038849
2 0.211696 0.523247 0.030047 0.041277
2 0.122238 0.537815 0.047802 0.050989
2 0.165943 0.556026 0.107897 0.106835
2 0.036876 0.558454 0.073752 0.218525
2 0.614603 0.466187 0.049168 0.024281
2 0.645333 0.472258 0.039608 0.026709
2 0.599579 0.536601 0.103800 0.135971
2 0.818446 0.518391 0.360567 0.691997
0 0.129552 0.523364 0.012673 0.041592
