2 0.422579 0.567555 0.188138 0.296342
2 0.932404 0.577086 0.133549 0.218357
2 0.785695 0.538094 0.204710 0.195828
2 0.661895 0.525963 0.093582 0.140372
2 0.603893 0.529429 0.049715 0.095315
2 0.574162 0.528562 0.035093 0.076252
2 0.523472 0.530295 0.056539 0.097048
2 0.265635 0.556290 0.075060 0.072786
2 0.137448 0.585751 0.087733 0.097048
2 0.194962 0.565822 0.066287 0.074519
2 0.232979 0.545892 0.037043 0.038126
0 0.079934 0.572754 0.023395 0.077985
0 0.096019 0.558890 0.016572 0.043325
0 0.118927 0.541560 0.015597 0.032927
0 0.013160 0.580552 0.016572 0.083184
0 0.007311 0.583152 0.014622 0.074519
