2 0.528558 0.384847 0.008195 0.021853
2 0.536753 0.396988 0.010926 0.021853
2 0.539484 0.412770 0.010926 0.014568
2 0.542899 0.421268 0.012292 0.021853
2 0.536070 0.424910 0.012292 0.019424
2 0.528558 0.417626 0.008195 0.024281
3 0.516266 0.411556 0.024584 0.055845
2 0.564069 0.424910 0.016389 0.024281
2 0.574312 0.428553 0.025950 0.036421
2 0.589336 0.430981 0.020487 0.046133
2 0.602993 0.430981 0.025950 0.046133
2 0.610505 0.438265 0.021853 0.055845
2 0.635772 0.439479 0.045071 0.067986
2 0.647381 0.451619 0.038242 0.063130
2 0.669234 0.457689 0.051900 0.080126
2 0.716353 0.468615 0.088776 0.111691
2 0.782594 0.495324 0.136578 0.131115
2 0.488950 0.406700 0.021853 0.036421
4 0.452245 0.404272 0.019462 0.046133
2 0.433636 0.411556 0.023218 0.036421
2 0.425442 0.416412 0.017755 0.031565
2 0.427490 0.447977 0.019121 0.036421
0 0.951510 0.457689 0.038242 0.099550
0 0.819029 0.405486 0.016389 0.043705
