2 0.232609 0.599507 0.015987 0.026645
2 0.225115 0.604836 0.014988 0.037303
2 0.217621 0.603947 0.017985 0.035526
2 0.213624 0.611941 0.013988 0.037303
2 0.201634 0.608388 0.023980 0.051513
2 0.286764 0.601579 0.009992 0.035526
2 0.291260 0.601579 0.012989 0.039079
3 0.300929 0.582632 0.018984 0.099474
3 0.344893 0.580855 0.082932 0.152763
4 0.438316 0.634145 0.115905 0.145658
2 0.149554 0.601283 0.091924 0.129671
2 0.126573 0.635921 0.063947 0.113684
2 0.056792 0.616382 0.113584 0.277105
2 0.883950 0.771809 0.229811 0.449408
2 0.261585 0.608388 0.045962 0.069276
