2 0.120361 0.536139 0.238538 0.247119
2 0.568693 0.539190 0.016303 0.067119
3 0.578131 0.501817 0.040328 0.074746
3 0.479884 0.466732 0.161314 0.291356
2 0.619318 0.560545 0.091811 0.131186
0 0.322861 0.549867 0.032606 0.115932
0 0.285107 0.552156 0.018877 0.102203
0 0.255075 0.559783 0.015445 0.108305
0 0.243062 0.552156 0.015445 0.114407
0 0.230192 0.557495 0.018877 0.125085
0 0.211314 0.525461 0.017161 0.057966
0 0.190721 0.523173 0.024025 0.062542
0 0.386337 0.550678 0.013729 0.074746
0 0.395776 0.550678 0.012013 0.080847
0 0.359309 0.536949 0.009439 0.038136
0 0.714113 0.530085 0.019735 0.118983
0 0.728271 0.528559 0.018877 0.112881
0 0.751009 0.523983 0.038612 0.143390
0 0.900739 0.523195 0.025742 0.105204
0 0.870278 0.516356 0.011155 0.088475
0 0.778037 0.514830 0.013729 0.082373
0 0.698644 0.533029 0.016259 0.120718
