0 0.761325 0.577086 0.040942 0.142105
0 0.724770 0.580552 0.039967 0.159435
0 0.696013 0.577953 0.031194 0.154236
2 0.366040 0.565822 0.006824 0.025995
2 0.376763 0.567555 0.010723 0.032927
2 0.383587 0.565822 0.014622 0.036393
2 0.399671 0.569288 0.027295 0.046791
2 0.428915 0.575353 0.042892 0.065854
2 0.468883 0.578819 0.064337 0.110911
2 0.548817 0.603948 0.148171 0.199294
2 0.347519 0.571887 0.038018 0.055456
2 0.321687 0.564955 0.011698 0.027728
2 0.306090 0.568421 0.023395 0.034660
2 0.278308 0.586618 0.022421 0.071053
2 0.242240 0.589217 0.067262 0.103980
2 0.193012 0.612613 0.077985 0.126508
2 0.087733 0.624744 0.171566 0.216624
