2 0.380253 0.479190 0.025996 0.059966
2 0.349083 0.482022 0.049732 0.066310
2 0.294091 0.496474 0.065991 0.074811
2 0.227621 0.493923 0.087988 0.124118
4 0.095366 0.410975 0.190732 0.449838
2 0.498280 0.463829 0.040168 0.071411
2 0.432289 0.488483 0.093726 0.147922
2 0.551360 0.487633 0.087032 0.149622
2 0.600614 0.464169 0.017215 0.017003
4 0.631984 0.435435 0.049732 0.168325
4 0.734796 0.426083 0.163543 0.268640
2 0.863431 0.484232 0.118593 0.156423
2 0.925628 0.530479 0.146328 0.163224
0 0.918933 0.444616 0.018171 0.042506
