2 0.253965 0.422343 0.054053 0.056250
2 0.211119 0.422343 0.065918 0.065625
2 0.421397 0.422343 0.014502 0.028125
2 0.408213 0.421172 0.022412 0.030469
2 0.389097 0.421172 0.036914 0.044531
2 0.518955 0.411797 0.009229 0.021094
2 0.526865 0.412968 0.014502 0.023437
2 0.534776 0.416484 0.011865 0.030469
2 0.546641 0.421172 0.022412 0.039844
2 0.562461 0.431718 0.017139 0.037500
2 0.573667 0.430547 0.018457 0.049219
2 0.602012 0.421172 0.051416 0.086719
2 0.612559 0.443437 0.048779 0.075000
2 0.635630 0.455156 0.050098 0.089062
4 0.439195 0.403593 0.029004 0.056250
2 0.496543 0.407109 0.011865 0.016406
2 0.457652 0.409453 0.010547 0.025781
2 0.464903 0.405937 0.014502 0.023437
2 0.687705 0.472734 0.104150 0.110156
2 0.360752 0.432890 0.038232 0.049219
2 0.310655 0.436406 0.059326 0.056250
4 0.491929 0.396562 0.018457 0.037500
2 0.028435 0.431718 0.056871 0.084375
2 0.876230 0.518437 0.246533 0.328125
