2 0.159868 0.412452 0.074085 0.097048
2 0.274408 0.395122 0.045816 0.045058
2 0.310476 0.398588 0.032169 0.038126
2 0.338258 0.402921 0.023395 0.032927
2 0.380662 0.400321 0.053614 0.048524
2 0.441101 0.400321 0.038018 0.045058
2 0.501051 0.397722 0.023395 0.053723
2 0.536144 0.399455 0.035093 0.057189
2 0.587322 0.405520 0.038018 0.055456
2 0.655558 0.419384 0.057514 0.038126
2 0.710635 0.418518 0.058488 0.039859
2 0.733056 0.415918 0.029244 0.038126
2 0.202273 0.384724 0.020471 0.038126
2 0.233954 0.389057 0.027295 0.036393
2 0.051665 0.373460 0.019496 0.019063
2 0.424529 0.401188 0.030219 0.039859
