0 0.656990 0.450763 0.013729 0.025932
2 0.363599 0.516356 0.011155 0.012203
2 0.367889 0.536949 0.009439 0.019831
2 0.355877 0.539237 0.031748 0.042712
2 0.353302 0.543051 0.031748 0.035085
2 0.345151 0.549152 0.017161 0.041186
2 0.315977 0.553729 0.056631 0.083898
2 0.312116 0.569746 0.047193 0.085424
2 0.287232 0.586525 0.054057 0.115932
2 0.237036 0.601780 0.108114 0.164746
2 0.444256 0.542288 0.024883 0.064068
2 0.464849 0.551441 0.045477 0.073220
2 0.505606 0.549915 0.068644 0.140339
2 0.513329 0.556017 0.065212 0.137288
2 0.376470 0.511780 0.009439 0.012203
2 0.398779 0.517881 0.016303 0.021356
2 0.613721 0.561356 0.197352 0.208983
2 0.124241 0.634998 0.248053 0.276946
