2 0.538537 0.384949 0.010332 0.015306
2 0.545855 0.384184 0.009471 0.019898
2 0.555326 0.392602 0.016358 0.018367
2 0.582016 0.390306 0.018080 0.019898
2 0.605692 0.397194 0.018941 0.027551
2 0.619037 0.399490 0.007749 0.022959
2 0.651324 0.393368 0.025829 0.026020
2 0.686193 0.391837 0.018080 0.019898
2 0.708148 0.391072 0.022385 0.039796
2 0.817921 0.388776 0.030134 0.032143
2 0.953094 0.378827 0.030134 0.036735
2 0.982797 0.382653 0.032717 0.038265
2 0.250542 0.389541 0.008610 0.016837
2 0.201036 0.394133 0.016358 0.019898
2 0.185969 0.397194 0.013776 0.016837
2 0.219547 0.402551 0.025829 0.027551
2 0.212660 0.409439 0.025829 0.022959
2 0.187261 0.412500 0.023246 0.019898
2 0.133020 0.407143 0.049075 0.033673
2 0.097290 0.440817 0.039605 0.088776
4 0.052089 0.331378 0.102455 0.532653
2 0.460619 0.384184 0.010332 0.013776
2 0.450595 0.414085 0.038498 0.061334
2 0.420584 0.427041 0.054241 0.075000
2 0.368065 0.396174 0.007749 0.013776
2 0.353859 0.395408 0.010332 0.012245
2 0.362038 0.398470 0.006027 0.018367
2 0.330182 0.397704 0.012915 0.016837
2 0.315545 0.397704 0.014636 0.013776
2 0.378827 0.391837 0.010332 0.018367
2 0.342666 0.397959 0.013776 0.021429
2 0.291438 0.410204 0.047353 0.067347
4 0.384423 0.385714 0.009471 0.022959
