2 0.243105 0.545625 0.081211 0.086250
2 0.295312 0.535312 0.046406 0.076875
2 0.321680 0.525937 0.035859 0.069375
2 0.344355 0.532500 0.011602 0.033750
2 0.405527 0.535312 0.024258 0.043125
2 0.439805 0.536250 0.018984 0.022500
2 0.494121 0.540937 0.024258 0.020625
2 0.516269 0.547500 0.024258 0.045000
2 0.532090 0.553125 0.026367 0.078750
2 0.554765 0.559687 0.042187 0.095625
2 0.580605 0.577500 0.039023 0.108750
2 0.612773 0.588750 0.088594 0.138750
2 0.695039 0.623437 0.162422 0.200625
2 0.853769 0.722812 0.287930 0.406875
2 0.476719 0.545625 0.012656 0.026250
