0 0.560928 0.545846 0.009177 0.025831
0 0.554810 0.553323 0.010706 0.046224
0 0.551369 0.550604 0.013000 0.043505
0 0.542192 0.538369 0.006883 0.019033
2 0.406890 0.550313 0.009941 0.020393
2 0.400390 0.553032 0.012236 0.025831
2 0.393125 0.553032 0.019118 0.028550
2 0.370183 0.536718 0.026765 0.028550
2 0.370183 0.553712 0.035942 0.043505
2 0.365977 0.561189 0.033648 0.042145
2 0.280710 0.570900 0.081826 0.101964
2 0.257157 0.585121 0.062708 0.103323
2 0.166363 0.581722 0.175470 0.169940
2 0.065315 0.608913 0.130629 0.267825
2 0.469543 0.549924 0.009177 0.016314
2 0.477190 0.547885 0.013765 0.025831
2 0.486367 0.553323 0.015295 0.036707
2 0.498603 0.556042 0.019883 0.047583
2 0.513897 0.557402 0.030589 0.047583
2 0.526085 0.569162 0.045884 0.057508
2 0.568910 0.583640 0.038236 0.096526
2 0.614887 0.578603 0.110308 0.146269
2 0.874084 0.731420 0.250066 0.413293
2 0.435771 0.562976 0.055825 0.091088
4 0.312191 0.534562 0.084885 0.138671
