2 0.418948 0.444490 0.017564 0.020204
2 0.411199 0.450000 0.014464 0.020204
2 0.401900 0.454592 0.016531 0.022041
2 0.387953 0.455510 0.025829 0.034898
2 0.379171 0.458265 0.022730 0.033061
2 0.337844 0.448163 0.041327 0.034898
2 0.316664 0.450000 0.034094 0.031224
2 0.250542 0.445408 0.114681 0.055102
2 0.185969 0.448163 0.033061 0.034898
2 0.143093 0.470204 0.120880 0.119388
2 0.078520 0.472959 0.157041 0.157959
2 0.034992 0.504367 0.069984 0.121224
2 0.476805 0.439898 0.011365 0.014694
2 0.465440 0.442653 0.009298 0.012857
2 0.486103 0.449082 0.011365 0.014694
2 0.659158 0.486735 0.058890 0.071633
2 0.709783 0.496837 0.077487 0.088163
2 0.444505 0.469469 0.046492 0.073469
2 0.611977 0.464694 0.030995 0.025714
