2 0.162793 0.337933 0.325586 0.568421
2 0.274408 0.212291 0.069211 0.181964
2 0.458160 0.289410 0.247601 0.266881
0 0.303165 0.188030 0.013647 0.081451
0 0.315350 0.194962 0.016572 0.077985
0 0.353368 0.172433 0.022421 0.060655
0 0.384562 0.158569 0.022421 0.043325
0 0.401621 0.157702 0.011698 0.034660
0 0.520060 0.154236 0.022421 0.051990
0 0.571725 0.176765 0.030219 0.135173
0 0.681391 0.167234 0.040942 0.168100
0 0.716484 0.163768 0.025345 0.164634
0 0.748652 0.116977 0.035093 0.074519
0 0.791544 0.121309 0.035093 0.124775
