2 0.435586 0.139062 0.031641 0.013125
2 0.387070 0.157812 0.014766 0.043125
2 0.377578 0.166250 0.016875 0.048750
2 0.191953 0.185000 0.046406 0.123750
2 0.429258 0.212187 0.082266 0.140625
2 0.545273 0.222500 0.191953 0.273750
3 0.407637 0.128125 0.024258 0.022500
3 0.528398 0.095312 0.160312 0.166875
4 0.390234 0.130000 0.010547 0.018750
4 0.291094 0.146250 0.172969 0.292500
2 0.112324 0.302812 0.222539 0.545625
0 0.677636 0.168750 0.020039 0.041250
0 0.652851 0.173437 0.012656 0.050625
2 0.793652 0.315937 0.410273 0.556875
0 0.162422 0.147187 0.012656 0.031875
