2 0.505438 0.419384 0.008773 0.010398
2 0.495202 0.419384 0.011698 0.013864
2 0.471320 0.419384 0.012673 0.013864
2 0.455723 0.419384 0.014622 0.006932
2 0.546380 0.462709 0.010723 0.017330
2 0.554178 0.467041 0.010723 0.015597
2 0.615591 0.468774 0.016572 0.019063
2 0.636550 0.453177 0.027295 0.029461
2 0.656046 0.460109 0.009748 0.025995
2 0.690164 0.465308 0.015597 0.022529
2 0.699425 0.477439 0.024370 0.032927
0 0.716484 0.471374 0.007798 0.020796
2 0.734030 0.479172 0.037043 0.046791
2 0.769611 0.486971 0.053614 0.058922
2 0.857831 0.491303 0.042892 0.057189
2 0.614616 0.466175 0.016572 0.024262
2 0.533220 0.468774 0.019496 0.039859
2 0.521035 0.464442 0.010723 0.034660
2 0.416243 0.464442 0.013647 0.031194
4 0.578061 0.448845 0.040942 0.090116
2 0.638499 0.475706 0.027295 0.043325
2 0.670180 0.478306 0.036068 0.051990
2 0.586834 0.470507 0.038992 0.064121
2 0.829074 0.500835 0.069211 0.058922
2 0.468883 0.506900 0.126725 0.175032
2 0.344107 0.473973 0.033143 0.039859
2 0.283669 0.480905 0.048740 0.039859
2 0.076522 0.493903 0.106254 0.065854
2 0.088220 0.456643 0.038018 0.008665
2 0.038018 0.479172 0.038992 0.039859
2 0.060438 0.475706 0.015597 0.019063
2 0.975783 0.525963 0.044841 0.105712
