0 0.721706 0.157204 0.028976 0.122566
0 0.694728 0.169638 0.030975 0.133224
0 0.017671 0.220263 0.017756 0.021316
0 0.149127 0.220263 0.019984 0.065724
0 0.211576 0.201612 0.012989 0.031974
0 0.102666 0.219375 0.010991 0.046184
0 0.150626 0.189178 0.008993 0.028421
2 0.270078 0.194507 0.014988 0.026645
2 0.255590 0.198059 0.009992 0.023092
2 0.244599 0.198059 0.015987 0.033750
2 0.191143 0.206053 0.022981 0.056842
2 0.681239 0.124342 0.121900 0.113684
2 0.778659 0.100362 0.042965 0.079934
2 0.903057 0.066612 0.029975 0.044408
2 0.829118 0.093257 0.131891 0.104803
4 0.141184 0.182072 0.080933 0.115461
3 0.442436 0.135888 0.351711 0.204276
2 0.974498 0.025757 0.050958 0.037303
2 0.944523 0.102138 0.110909 0.126118
4 0.043764 0.343717 0.085929 0.442303
2 0.379488 0.290428 0.189844 0.278882
2 0.230235 0.207890 0.030322 0.035156
