2 0.557125 0.521856 0.029963 0.014982
2 0.549166 0.533508 0.015918 0.021640
2 0.569765 0.530179 0.015918 0.014982
2 0.576320 0.537670 0.019663 0.016646
2 0.529971 0.596763 0.046817 0.101541
2 0.526225 0.519359 0.022472 0.019975
2 0.508903 0.523520 0.017791 0.024969
2 0.500476 0.531011 0.021536 0.029963
2 0.489240 0.549322 0.027154 0.039951
2 0.471917 0.557645 0.033708 0.049938
2 0.413396 0.622565 0.030899 0.106535
2 0.345511 0.600093 0.110489 0.158138
2 0.275753 0.610913 0.148879 0.176449
2 0.124534 0.650863 0.249068 0.266338
2 0.936553 0.775075 0.125888 0.444848
2 0.689149 0.769051 0.445700 0.459433
