2 0.779705 0.508110 0.023917 0.036142
2 0.752200 0.517677 0.023917 0.021260
2 0.726489 0.518740 0.027505 0.023386
2 0.686427 0.516614 0.045443 0.040394
2 0.639789 0.518740 0.026309 0.027638
2 0.602717 0.521929 0.031093 0.034016
2 0.542923 0.527244 0.033484 0.031890
2 0.512429 0.540000 0.056206 0.048898
2 0.481934 0.529370 0.031093 0.040394
2 0.422141 0.534685 0.052618 0.042520
2 0.370121 0.541063 0.058597 0.046772
2 0.291276 0.541595 0.070392 0.064843
2 0.039264 0.566988 0.073309 0.094370
0 0.854751 0.534706 0.024191 0.102839
