2 0.624615 0.546112 0.010443 0.020253
2 0.614172 0.545268 0.010443 0.032067
2 0.608002 0.545268 0.011392 0.032067
2 0.599932 0.550331 0.014240 0.038819
2 0.584267 0.544424 0.018987 0.057384
2 0.567653 0.544424 0.033228 0.060759
2 0.561008 0.553707 0.031329 0.069198
2 0.535850 0.557082 0.064557 0.075949
2 0.496451 0.563833 0.056013 0.089451
2 0.425723 0.565521 0.132911 0.180591
2 0.313698 0.606027 0.222152 0.214346
2 0.146677 0.664617 0.293354 0.423629
2 0.662115 0.540566 0.015190 0.023629
2 0.674932 0.547317 0.012342 0.023629
2 0.726198 0.551537 0.037025 0.028692
2 0.757527 0.554069 0.040823 0.040506
2 0.787432 0.576009 0.060759 0.104641
2 0.843919 0.579385 0.112975 0.131646
2 0.929362 0.609765 0.139557 0.195781
