2 0.394895 0.531753 0.020394 0.029858
2 0.376901 0.505094 0.015595 0.023460
2 0.409291 0.509360 0.013196 0.019194
2 0.391896 0.512559 0.016795 0.017062
2 0.360705 0.531753 0.019194 0.034123
2 0.351708 0.537085 0.027592 0.040521
2 0.317518 0.538151 0.050385 0.093839
2 0.303122 0.558412 0.045586 0.074645
2 0.271332 0.570142 0.065980 0.106635
2 0.208351 0.584004 0.119964 0.164218
2 0.101176 0.613862 0.202352 0.364692
4 0.435083 0.510426 0.035989 0.059716
2 0.433284 0.536019 0.010797 0.029858
2 0.441082 0.538151 0.014396 0.034123
2 0.452478 0.539218 0.017995 0.040521
2 0.466274 0.540284 0.031191 0.068246
2 0.496265 0.542417 0.052784 0.093839
2 0.543651 0.556279 0.097171 0.117299
2 0.848903 0.651184 0.302195 0.341232
