2 0.126945 0.596148 0.021412 0.019033
2 0.022942 0.585952 0.041295 0.031269
2 0.065767 0.587311 0.019883 0.020393
2 0.095973 0.577795 0.043589 0.042145
2 0.181623 0.604985 0.006883 0.012236
2 0.193094 0.607704 0.022177 0.028550
2 0.233242 0.613822 0.015295 0.024471
2 0.251213 0.612462 0.028295 0.032628
2 0.300156 0.624698 0.014530 0.029909
2 0.316980 0.630816 0.025236 0.042145
2 0.321568 0.639653 0.029824 0.043505
2 0.489808 0.670921 0.087944 0.125076
2 0.216036 0.615181 0.028295 0.035347
2 0.276449 0.628776 0.045119 0.059819
2 0.383511 0.684517 0.126180 0.174018
2 0.610253 0.737538 0.172064 0.163142
2 0.935008 0.895695 0.128474 0.205287
