0 0.155294 0.455924 0.011471 0.025831
0 0.227944 0.463401 0.013000 0.019033
0 0.190854 0.485153 0.018353 0.035347
2 0.210737 0.543127 0.078002 0.145468
2 0.411096 0.496029 0.042825 0.078852
2 0.434420 0.475637 0.023707 0.035347
2 0.589551 0.442134 0.014530 0.012236
2 0.575403 0.438735 0.019883 0.008157
2 0.586109 0.454370 0.012236 0.020393
2 0.574256 0.455050 0.016059 0.024471
2 0.515754 0.450971 0.018353 0.021752
2 0.544049 0.459808 0.016824 0.031269
2 0.532196 0.461167 0.016059 0.031269
2 0.521927 0.484959 0.034413 0.059819
2 0.500132 0.491077 0.035177 0.069335
2 0.089309 0.576435 0.178619 0.280060
4 0.607303 0.445727 0.024471 0.046224
2 0.300975 0.563034 0.214124 0.261027
2 0.463917 0.509819 0.083355 0.108761
2 0.559508 0.466120 0.029824 0.035347
2 0.599656 0.471558 0.027530 0.046224
2 0.641334 0.460002 0.058884 0.099245
2 0.681100 0.471558 0.086414 0.103323
3 0.463698 0.437570 0.071120 0.076133
2 0.790890 0.657250 0.416246 0.495012
