0 0.035591 0.453416 0.015850 0.020493
0 0.100433 0.461101 0.012968 0.023055
0 0.695902 0.505289 0.015130 0.116556
0 0.684374 0.527704 0.020894 0.122960
0 0.599719 0.509132 0.023055 0.139611
0 0.577745 0.508492 0.035303 0.130645
0 0.630699 0.477751 0.012968 0.074288
0 0.521548 0.450854 0.009366 0.040987
0 0.406633 0.463662 0.008646 0.035863
2 0.430769 0.461101 0.010807 0.023055
2 0.425005 0.459820 0.010807 0.028178
2 0.414198 0.464303 0.016571 0.021774
2 0.400509 0.457899 0.018012 0.029459
2 0.393665 0.460460 0.011528 0.026898
2 0.386460 0.461741 0.010087 0.029459
2 0.379976 0.462381 0.010087 0.030740
2 0.373492 0.462381 0.011528 0.030740
2 0.363765 0.462381 0.015130 0.033302
2 0.351877 0.466224 0.020173 0.035863
2 0.303966 0.474549 0.025216 0.034583
2 0.283793 0.473269 0.032421 0.042268
2 0.270825 0.480313 0.028098 0.038425
2 0.253173 0.452775 0.036023 0.016651
2 0.241285 0.475830 0.043949 0.057638
2 0.475798 0.541153 0.132566 0.193406
2 0.440135 0.445731 0.015130 0.015370
2 0.171400 0.486077 0.059799 0.065323
2 0.144382 0.486077 0.020173 0.065323
2 0.117004 0.497604 0.069165 0.057638
2 0.051442 0.501447 0.093661 0.083254
2 0.012752 0.520019 0.025505 0.069165
