2 0.448571 0.595898 0.007910 0.018750
2 0.452527 0.597070 0.007910 0.025781
2 0.436706 0.595898 0.013184 0.023437
2 0.494055 0.591211 0.006592 0.018750
2 0.499328 0.598242 0.009229 0.023437
2 0.514489 0.601757 0.031641 0.044531
2 0.427478 0.602929 0.023730 0.051562
2 0.472302 0.579492 0.026367 0.009375
2 0.410339 0.606445 0.031641 0.063281
2 0.040391 0.572343 0.022412 0.028125
2 0.026548 0.584062 0.026367 0.018750
2 0.007342 0.572343 0.014683 0.032812
2 0.967197 0.602812 0.032959 0.032812
2 0.905894 0.595781 0.034277 0.018750
2 0.792656 0.602812 0.018174 0.032812
2 0.696934 0.596953 0.017139 0.025781
2 0.652456 0.599531 0.017139 0.023437
2 0.608950 0.597187 0.019775 0.014062
2 0.637294 0.600703 0.013184 0.016406
2 0.861069 0.601784 0.042187 0.044244
2 0.472154 0.614531 0.050098 0.075000
2 0.547959 0.607500 0.046143 0.065625
2 0.362730 0.614531 0.087012 0.112500
2 0.174864 0.657890 0.249170 0.274219
2 0.954014 0.806718 0.090967 0.342187
