2 0.112829 0.598428 0.191951 0.188101
2 0.220041 0.567633 0.112361 0.143157
2 0.283712 0.560974 0.065544 0.096547
2 0.321634 0.555148 0.047754 0.068249
2 0.341532 0.548490 0.041199 0.064920
2 0.361663 0.541831 0.032772 0.064920
2 0.377581 0.548490 0.012172 0.041615
2 0.385540 0.544328 0.020600 0.036621
2 0.393967 0.544328 0.016854 0.029963
2 0.401458 0.541831 0.014982 0.031628
2 0.400053 0.531011 0.029027 0.046609
2 0.451412 0.531511 0.004682 0.014982
2 0.484558 0.540666 0.006554 0.013317
2 0.477536 0.539834 0.007491 0.014982
2 0.470513 0.537337 0.006554 0.013317
2 0.527162 0.545660 0.020600 0.036621
2 0.540739 0.543163 0.014045 0.038286
2 0.635029 0.560641 0.022472 0.063255
2 0.730817 0.591437 0.126406 0.134834
2 0.869864 0.630555 0.217232 0.209741
2 0.034645 0.630389 0.069289 0.238039
2 0.969584 0.687818 0.058990 0.239704
2 0.460681 0.536171 0.018727 0.024969
2 0.433153 0.539834 0.021723 0.028964
2 0.585496 0.583613 0.120788 0.146486
2 0.494109 0.538502 0.012172 0.021640
