2 0.024654 0.652071 0.049307 0.214286
2 0.497425 0.502806 0.007749 0.016837
2 0.506896 0.506633 0.012915 0.015306
2 0.515936 0.512755 0.020663 0.018367
2 0.447489 0.497449 0.011193 0.015306
2 0.469013 0.494388 0.016358 0.012245
2 0.434144 0.500510 0.012054 0.018367
2 0.422090 0.506633 0.012054 0.027551
2 0.412620 0.508163 0.012054 0.036735
2 0.399705 0.511990 0.027551 0.041327
2 0.107423 0.577071 0.212660 0.226531
2 0.439310 0.511607 0.021524 0.030612
2 0.383347 0.522322 0.031856 0.039796
2 0.472888 0.545281 0.066295 0.094898
2 0.550805 0.526148 0.035300 0.053571
2 0.764541 0.555995 0.114509 0.064286
