0 0.421875 0.468750 0.012656 0.043125
2 0.414492 0.470625 0.014766 0.028125
2 0.398144 0.470625 0.017930 0.031875
2 0.380742 0.472500 0.021094 0.031875
2 0.362285 0.471562 0.017930 0.033750
2 0.345937 0.469687 0.023203 0.033750
2 0.326426 0.472500 0.024258 0.039375
2 0.305332 0.474375 0.022148 0.035625
2 0.292148 0.482812 0.023203 0.045000
2 0.269473 0.481875 0.022148 0.054375
2 0.269473 0.491250 0.024258 0.050625
2 0.246269 0.485625 0.030586 0.069375
2 0.219902 0.490312 0.051680 0.071250
2 0.183516 0.505312 0.063281 0.082500
2 0.132363 0.523125 0.066445 0.106875
2 0.054844 0.530937 0.109687 0.193125
2 0.447539 0.463437 0.010547 0.016875
2 0.442265 0.475625 0.016875 0.026250
2 0.434355 0.480312 0.026367 0.035625
2 0.433301 0.497187 0.022148 0.043125
2 0.467051 0.504687 0.060117 0.099375
2 0.512402 0.522500 0.074883 0.120000
2 0.592734 0.560000 0.164531 0.191250
2 0.821074 0.687500 0.355430 0.472500
