2 0.450739 0.558508 0.012248 0.015242
2 0.407871 0.555242 0.004899 0.017419
2 0.397460 0.557419 0.008574 0.017419
2 0.385824 0.555242 0.009798 0.021774
2 0.374801 0.557419 0.012248 0.017419
4 0.055129 0.549798 0.017147 0.015242
4 0.020834 0.549798 0.019597 0.019597
2 0.342956 0.563952 0.036744 0.039194
2 0.494831 0.568307 0.022046 0.026129
2 0.510754 0.565040 0.009798 0.019597
2 0.466661 0.566129 0.029395 0.043548
2 0.426855 0.566129 0.035519 0.052258
4 0.535250 0.562863 0.044093 0.054435
2 0.725706 0.609677 0.011023 0.069677
2 0.638745 0.587903 0.165348 0.217742
4 0.933309 0.590081 0.129829 0.226452
