2 0.254081 0.376246 0.016059 0.022432
2 0.255228 0.391541 0.016059 0.028550
2 0.279317 0.380325 0.018353 0.018353
2 0.277596 0.398678 0.014912 0.022432
2 0.297670 0.378285 0.011471 0.022432
2 0.307421 0.386443 0.012618 0.022432
2 0.325774 0.383384 0.014912 0.020393
2 0.324627 0.403776 0.017206 0.024471
2 0.349290 0.391541 0.011471 0.024471
2 0.357319 0.404796 0.022942 0.026511
2 0.228845 0.427228 0.029824 0.038746
2 0.262111 0.425189 0.029824 0.034668
2 0.218521 0.394600 0.022942 0.034668
2 0.253507 0.395619 0.019501 0.028550
2 0.450234 0.401737 0.022942 0.028550
2 0.494397 0.411934 0.024089 0.028550
2 0.520206 0.422130 0.029824 0.024471
2 0.540854 0.406835 0.018353 0.018353
2 0.701559 0.457674 0.047953 0.026796
2 0.387144 0.425189 0.025236 0.030589
2 0.474323 0.438444 0.050472 0.053021
2 0.336098 0.464955 0.074561 0.101964
2 0.385996 0.391541 0.013765 0.024471
