2 0.412500 0.885232 0.014241 0.020253
2 0.403956 0.887763 0.014240 0.021941
2 0.394462 0.890295 0.014241 0.030380
2 0.387342 0.888607 0.015190 0.037131
2 0.377848 0.891983 0.017089 0.040506
2 0.363133 0.893671 0.027532 0.047257
2 0.335126 0.895358 0.041772 0.064135
2 0.328481 0.906329 0.017089 0.055696
2 0.511709 0.887763 0.030380 0.059072
2 0.526424 0.901265 0.029430 0.055696
2 0.554905 0.902109 0.046519 0.074262
2 0.288263 0.901603 0.071203 0.101266
2 0.598232 0.902447 0.060759 0.092827
2 0.636681 0.921856 0.071203 0.108017
2 0.233200 0.916793 0.080696 0.114768
2 0.176713 0.935358 0.113924 0.121519
2 0.718671 0.912236 0.134810 0.160337
2 0.870464 0.905081 0.256329 0.185654
2 0.964451 0.959933 0.068354 0.075949
2 0.016983 0.953182 0.032278 0.089451
2 0.077268 0.933772 0.152848 0.128270
2 0.471835 0.882419 0.020886 0.018565
2 0.447626 0.881575 0.025633 0.020253
