2 0.227953 0.725656 0.258272 0.426710
2 0.601324 0.619602 0.067375 0.097320
2 0.349790 0.644057 0.039302 0.097320
2 0.379617 0.645305 0.035793 0.079852
2 0.400672 0.634076 0.034389 0.067375
2 0.417165 0.628461 0.026669 0.061137
2 0.435061 0.629709 0.020353 0.048660
2 0.446992 0.630333 0.018949 0.029945
2 0.459625 0.630333 0.007720 0.029945
2 0.567636 0.617232 0.016844 0.071118
2 0.557460 0.617856 0.016142 0.054898
2 0.551143 0.611617 0.016142 0.037431
2 0.541669 0.611617 0.009826 0.022458
2 0.534300 0.614113 0.010527 0.022458
2 0.516403 0.616608 0.014037 0.014972
2 0.517877 0.608498 0.014177 0.013725
4 0.481382 0.601386 0.051233 0.094824
