0 0.585676 0.381083 0.010763 0.021260
2 0.419749 0.365138 0.011959 0.027638
2 0.408388 0.366201 0.020330 0.038268
2 0.397626 0.372579 0.025113 0.046772
2 0.375502 0.373642 0.035876 0.048898
2 0.355172 0.367264 0.014350 0.044646
2 0.458615 0.355571 0.010763 0.025512
2 0.466986 0.359823 0.015546 0.038268
2 0.505254 0.435295 0.080123 0.193465
2 0.494491 0.369390 0.013155 0.023386
2 0.511233 0.371516 0.020330 0.019134
2 0.526779 0.381083 0.025113 0.021260
2 0.550697 0.410847 0.063381 0.063780
2 0.615273 0.435295 0.094473 0.125433
2 0.664902 0.468248 0.124370 0.157323
2 0.825447 0.517146 0.291791 0.289134
0 0.570727 0.374705 0.011959 0.021260
2 0.328863 0.389587 0.066969 0.119055
4 0.092594 0.330894 0.184163 0.414567
2 0.228923 0.455568 0.222431 0.267874
2 0.430768 0.547289 0.266678 0.484725
2 0.977820 0.733819 0.040659 0.321024
