2 0.408289 0.902368 0.017985 0.035526
2 0.393801 0.895263 0.014988 0.031974
2 0.388305 0.902368 0.017985 0.042632
2 0.372319 0.904145 0.025979 0.053289
2 0.361827 0.908586 0.020983 0.044408
2 0.342843 0.904145 0.032973 0.071053
2 0.330853 0.913026 0.034971 0.063947
2 0.310869 0.922796 0.036970 0.083487
2 0.259911 0.925461 0.088927 0.117237
2 0.474235 0.893487 0.009992 0.024868
2 0.484226 0.897928 0.011990 0.023092
2 0.499714 0.900592 0.010991 0.031974
2 0.505709 0.901480 0.006994 0.026645
2 0.512203 0.897039 0.007993 0.039079
2 0.533186 0.894375 0.031974 0.058618
2 0.594636 0.905144 0.052956 0.105024
2 0.646593 0.915691 0.094922 0.122566
4 0.426274 0.887270 0.021982 0.058618
2 0.442761 0.890822 0.032973 0.051513
