0 0.620003 0.677039 0.018353 0.038746
3 0.171490 0.654607 0.092914 0.140710
2 0.231139 0.670582 0.017206 0.026511
2 0.114136 0.669562 0.014912 0.024471
2 0.071693 0.680778 0.049325 0.075453
2 0.384276 0.690974 0.050472 0.075453
2 0.527089 0.697092 0.067678 0.071375
2 0.578134 0.698112 0.059649 0.069335
2 0.712344 0.709328 0.075708 0.087689
2 0.802009 0.701171 0.086797 0.071375
2 0.901997 0.708308 0.055060 0.069335
2 0.963557 0.709668 0.072267 0.069335
2 0.033266 0.679079 0.065384 0.187613
2 0.294502 0.726390 0.149122 0.203927
2 0.666448 0.714050 0.147742 0.086327
2 0.475312 0.680070 0.034094 0.069796
2 0.445351 0.680988 0.029962 0.053265
