0 0.814986 0.492422 0.072070 0.254852
0 0.794040 0.492422 0.033228 0.251477
0 0.904641 0.389469 0.037975 0.099578
0 0.762711 0.435882 0.031329 0.104641
2 0.538185 0.442633 0.037975 0.057384
2 0.403974 0.452901 0.020886 0.062447
2 0.388785 0.460496 0.024684 0.057384
2 0.367424 0.463027 0.031329 0.055696
2 0.348436 0.473998 0.031329 0.057384
2 0.322329 0.477373 0.034177 0.081013
2 0.260145 0.477950 0.101582 0.129424
2 0.120588 0.613548 0.239240 0.388185
2 0.471379 0.472620 0.114873 0.194093
5 0.656783 0.485107 0.031641 0.071875
