2 0.649529 0.533953 0.241258 0.350081
2 0.521927 0.418051 0.034413 0.044864
2 0.460557 0.407855 0.037854 0.032628
2 0.431307 0.395619 0.020648 0.024471
2 0.360760 0.404796 0.021795 0.030589
2 0.381408 0.405816 0.024089 0.024471
2 0.398614 0.429267 0.037854 0.046903
2 0.365349 0.449660 0.040148 0.067296
2 0.402629 0.156616 0.002294 0.021208
2 0.343554 0.456798 0.044737 0.065257
2 0.298244 0.465974 0.064237 0.083610
2 0.235154 0.419071 0.036707 0.018353
2 0.192138 0.439464 0.049325 0.055060
2 0.150269 0.490446 0.073414 0.095846
2 0.064237 0.490446 0.128474 0.144789
2 0.229418 0.481269 0.107827 0.114199
