0 0.055389 0.502041 0.018941 0.062245
0 0.154688 0.482143 0.008610 0.039796
0 0.166311 0.483674 0.011193 0.042857
0 0.185252 0.502041 0.035300 0.104082
0 0.228587 0.494133 0.021524 0.090306
0 0.265609 0.487245 0.026690 0.088776
0 0.347688 0.471429 0.014636 0.076531
0 0.342092 0.452806 0.010332 0.053571
0 0.561639 0.522959 0.074043 0.364286
0 0.586894 0.546684 0.061990 0.206633
0 0.669261 0.477551 0.041327 0.263265
0 0.820074 0.443878 0.038744 0.223469
0 0.854943 0.440817 0.049936 0.238776
0 0.902296 0.466837 0.039605 0.205102
5 0.932861 0.497959 0.105899 0.104082
2 0.112644 0.508163 0.064573 0.076531
2 0.144499 0.485970 0.018080 0.035204
2 0.195727 0.482908 0.032717 0.038265
2 0.241789 0.477551 0.018080 0.042857
2 0.299043 0.461480 0.017219 0.026020
2 0.632813 0.454592 0.032717 0.070408
2 0.790801 0.434694 0.219547 0.183674
2 0.017363 0.770409 0.034726 0.269388
