0 0.349604 0.711729 0.009182 0.026119
0 0.283951 0.698670 0.013773 0.058767
0 0.360623 0.726421 0.012855 0.042443
0 0.373019 0.721524 0.008264 0.042443
0 0.689590 0.791989 0.009182 0.031016
0 0.695099 0.792805 0.009182 0.035913
0 0.010866 0.687243 0.019283 0.182830
0 0.383973 0.722884 0.010101 0.047340
2 0.243637 0.691596 0.036729 0.062031
2 0.440138 0.727509 0.022037 0.048972
2 0.549407 0.757709 0.023874 0.050605
2 0.497527 0.743833 0.013773 0.052237
2 0.668623 0.796886 0.017446 0.044075
2 0.834211 0.814027 0.039484 0.052237
2 0.126563 0.663301 0.149671 0.267715
2 0.315258 0.721252 0.060603 0.083253
2 0.409836 0.725333 0.031220 0.062031
2 0.471357 0.736759 0.044075 0.071826
2 0.603582 0.816747 0.132225 0.208948
2 0.763048 0.816747 0.112024 0.140387
2 0.959549 0.935913 0.078968 0.124063
2 0.516873 0.741451 0.043280 0.060622
