2 0.529207 0.609593 0.032461 0.056063
2 0.619567 0.618563 0.056764 0.078488
2 0.805837 0.621926 0.049195 0.035880
2 0.992064 0.648089 0.015473 0.035880
2 0.560575 0.606603 0.030274 0.042608
2 0.438343 0.545307 0.021444 0.015698
2 0.534842 0.550913 0.022706 0.013455
2 0.140018 0.569975 0.045411 0.011213
2 0.396716 0.584551 0.018921 0.013455
2 0.022435 0.511776 0.044870 0.109884
2 0.313589 0.572740 0.035320 0.022425
2 0.509487 0.601221 0.008830 0.020183
2 0.500086 0.598057 0.014427 0.016321
2 0.456150 0.588731 0.023608 0.011658
2 0.423361 0.587565 0.026231 0.009326
