2 0.381362 0.518740 0.015546 0.021260
2 0.353976 0.521929 0.019134 0.014882
2 0.319894 0.524055 0.022721 0.023386
2 0.299565 0.526181 0.017938 0.023386
2 0.210473 0.533622 0.045443 0.051024
2 0.158452 0.540000 0.053814 0.068032
2 0.101649 0.548504 0.062185 0.080787
2 0.282224 0.525118 0.028701 0.034016
2 0.044845 0.577205 0.089690 0.112677
2 0.404203 0.516614 0.011959 0.017008
2 0.423337 0.513425 0.009567 0.023386
2 0.434100 0.514488 0.011959 0.021260
2 0.446058 0.514488 0.019134 0.029764
2 0.459811 0.518740 0.022721 0.029764
2 0.481934 0.514488 0.028701 0.051024
2 0.498078 0.515551 0.027505 0.057402
2 0.521996 0.520866 0.037072 0.068032
2 0.554284 0.526181 0.068164 0.082913
2 0.592552 0.542126 0.101649 0.110551
2 0.676860 0.563386 0.148287 0.161575
2 0.866064 0.578590 0.263774 0.347180
