0 0.284912 0.375463 0.015211 0.068644
0 0.461359 0.378583 0.012871 0.074884
0 0.878606 0.364022 0.017551 0.087365
0 0.857544 0.361942 0.012871 0.087365
0 0.848769 0.362982 0.014041 0.085285
2 0.512257 0.366102 0.007020 0.016641
2 0.506406 0.366102 0.009361 0.024961
2 0.497046 0.368182 0.011701 0.024961
2 0.485930 0.369222 0.017551 0.039522
2 0.475985 0.374422 0.014041 0.041602
2 0.433277 0.375463 0.038612 0.052003
2 0.427427 0.385863 0.031592 0.056163
2 0.616042 0.370262 0.022231 0.041602
2 0.551103 0.366102 0.011701 0.012481
2 0.397707 0.392104 0.059674 0.060324
2 0.538466 0.367142 0.011701 0.022881
2 0.563038 0.365062 0.011701 0.018721
2 0.575909 0.368182 0.011701 0.020801
2 0.736208 0.375463 0.070204 0.089445
2 0.692331 0.378583 0.022231 0.049923
2 0.654582 0.382743 0.075443 0.091525
2 0.009568 0.600116 0.017551 0.135208
2 0.054030 0.405624 0.101796 0.087365
