2 0.028924 0.328603 0.026629 0.037545
2 0.057848 0.326971 0.031220 0.040810
2 0.131766 0.322074 0.032138 0.044075
2 0.245167 0.322890 0.018365 0.026118
4 0.188237 0.307382 0.075295 0.044075
2 0.274091 0.331052 0.039484 0.035913
2 0.311279 0.333501 0.053257 0.034281
2 0.357191 0.329420 0.066112 0.039178
2 0.440750 0.322890 0.016528 0.019589
2 0.409071 0.336765 0.074377 0.037545
2 0.470133 0.334317 0.064276 0.039178
2 0.533950 0.336765 0.057848 0.040810
2 0.577107 0.340846 0.054175 0.029383
2 0.618886 0.332684 0.038566 0.026119
2 0.676734 0.339214 0.062440 0.048972
2 0.721269 0.336765 0.039484 0.040810
2 0.740551 0.325339 0.026629 0.031016
2 0.780953 0.332684 0.081722 0.052237
2 0.842016 0.332684 0.049584 0.055502
2 0.981219 0.335133 0.036729 0.050605
2 0.905924 0.340846 0.132225 0.078356
