2 0.229394 0.480468 0.026367 0.032812
2 0.208960 0.486328 0.035596 0.044531
2 0.176660 0.492187 0.023730 0.037500
2 0.487793 0.442968 0.010547 0.014062
2 0.481201 0.454687 0.010547 0.023437
2 0.495703 0.458203 0.021094 0.021094
2 0.471972 0.459375 0.018457 0.023437
4 0.504272 0.428906 0.011865 0.018750
2 0.414624 0.505078 0.072510 0.100781
2 0.532617 0.526172 0.094922 0.142969
2 0.665771 0.472265 0.050098 0.053906
0 0.443628 0.469922 0.019775 0.063281
0 0.404077 0.445312 0.019775 0.028125
0 0.460766 0.486328 0.017139 0.077344
0 0.568212 0.459375 0.010547 0.046875
0 0.604467 0.460547 0.009229 0.053906
0 0.596557 0.460547 0.014502 0.044531
0 0.622924 0.482812 0.014502 0.079687
0 0.641381 0.478125 0.014502 0.089062
0 0.775722 0.498047 0.023730 0.157031
0 0.797475 0.476953 0.030322 0.189844
0 0.816591 0.499218 0.058008 0.257812
