2 0.308521 0.425386 0.173170 0.239214
2 0.546630 0.413945 0.092436 0.128968
2 0.433718 0.392104 0.060844 0.085285
2 0.166357 0.397304 0.083075 0.079045
3 0.204969 0.349461 0.136898 0.133128
4 0.911107 0.367142 0.175511 0.559554
2 0.764848 0.431626 0.145089 0.197612
2 0.664222 0.418105 0.088925 0.104006
2 0.623830 0.400814 0.052604 0.077745
2 0.597528 0.396264 0.035102 0.052003
2 0.468235 0.377543 0.026912 0.039522
2 0.487541 0.380663 0.016381 0.037442
2 0.513283 0.369222 0.030422 0.047843
2 0.392827 0.368500 0.023280 0.045126
