2 0.380662 0.443992 0.020471 0.031194
2 0.458160 0.463055 0.048740 0.065854
2 0.086758 0.535841 0.173516 0.363928
2 0.768149 0.579166 0.347032 0.318870
2 0.185701 0.497715 0.117952 0.162901
2 0.237853 0.453524 0.093582 0.140372
2 0.294392 0.460456 0.031194 0.071053
2 0.311939 0.456123 0.019496 0.058922
2 0.312426 0.441393 0.038018 0.067587
2 0.338258 0.444859 0.013647 0.043325
2 0.351906 0.450058 0.009748 0.019063
2 0.355317 0.442259 0.016572 0.027728
2 0.585860 0.514123 0.122826 0.171676
2 0.437689 0.447458 0.033143 0.058922
2 0.415756 0.453524 0.010723 0.029461
2 0.405520 0.446592 0.011698 0.019063
