2 0.079934 0.595629 0.159868 0.379525
2 0.219332 0.491650 0.142322 0.181964
2 0.376276 0.449191 0.031194 0.065854
2 0.584885 0.445725 0.072136 0.062388
2 0.613642 0.452657 0.084808 0.072786
2 0.882201 0.443992 0.070186 0.055456
2 0.949463 0.447458 0.031194 0.055456
2 0.829561 0.444859 0.048740 0.060655
2 0.733056 0.450058 0.136473 0.109178
2 0.758888 0.444859 0.082859 0.074519
2 0.431840 0.519378 0.134523 0.202760
2 0.676029 0.516778 0.172541 0.176765
2 0.338746 0.437927 0.028269 0.043325
0 0.506413 0.443992 0.012673 0.051990
0 0.127700 0.441393 0.017547 0.071053
