2 0.794100 0.151849 0.030422 0.033282
2 0.766603 0.154969 0.026912 0.031202
2 0.744957 0.149769 0.011701 0.024961
2 0.732086 0.146649 0.014041 0.027042
2 0.719800 0.143529 0.012871 0.020801
2 0.704589 0.139368 0.012871 0.016641
2 0.675923 0.141448 0.032762 0.033282
2 0.654861 0.140408 0.016381 0.027042
2 0.644331 0.140408 0.014041 0.022881
2 0.632630 0.139368 0.016381 0.020801
2 0.615079 0.140408 0.018721 0.027042
2 0.594018 0.138328 0.014041 0.018721
2 0.578807 0.142489 0.016381 0.014561
2 0.566521 0.133128 0.010531 0.016641
2 0.560086 0.138328 0.007020 0.018721
2 0.550725 0.138328 0.009361 0.014561
2 0.538439 0.138328 0.010531 0.014561
2 0.488126 0.137288 0.026912 0.029122
2 0.461800 0.140408 0.021061 0.022881
2 0.439569 0.139368 0.018721 0.020801
2 0.419092 0.142489 0.022231 0.022881
2 0.401541 0.142489 0.022231 0.022881
2 0.337187 0.141448 0.022231 0.024961
2 0.319636 0.139368 0.019891 0.029122
2 0.299745 0.151849 0.024571 0.045763
2 0.277514 0.147689 0.026912 0.037442
2 0.185663 0.143529 0.030422 0.045763
2 0.136520 0.160170 0.067864 0.070724
2 0.080357 0.167450 0.051483 0.068644
2 0.032573 0.224653 0.065146 0.191371
2 0.254697 0.171610 0.093606 0.110247
2 0.508603 0.139368 0.011701 0.012481
