2 0.053028 0.625068 0.106056 0.560204
2 0.752795 0.441691 0.009471 0.012245
2 0.749351 0.447814 0.009471 0.012245
2 0.740741 0.452405 0.011193 0.015306
2 0.736006 0.459293 0.012054 0.019898
2 0.726535 0.462354 0.010332 0.022959
2 0.721370 0.463885 0.010332 0.019898
2 0.705872 0.463120 0.024107 0.036735
2 0.657350 0.476021 0.021524 0.045918
2 0.642714 0.479847 0.030134 0.056633
2 0.623773 0.481378 0.031856 0.056633
2 0.586320 0.485970 0.067156 0.071939
2 0.516582 0.500510 0.056824 0.107143
2 0.398199 0.503572 0.197162 0.186735
2 0.767985 0.442194 0.008610 0.013776
2 0.777025 0.446174 0.009471 0.016837
2 0.782622 0.450766 0.010332 0.019898
2 0.785204 0.456888 0.010332 0.026020
2 0.793814 0.460714 0.015497 0.036735
2 0.806729 0.462245 0.020663 0.052041
2 0.811894 0.471429 0.018941 0.058163
2 0.820504 0.475255 0.022385 0.078061
2 0.846046 0.477551 0.053380 0.107143
2 0.915354 0.495153 0.142060 0.197449
2 0.943192 0.552551 0.110204 0.255612
2 0.988393 0.644388 0.021524 0.225000
