2 0.415676 0.402028 0.008799 0.009386
2 0.419636 0.411414 0.009679 0.009386
2 0.420956 0.416889 0.007039 0.010950
2 0.427995 0.422990 0.007039 0.012514
2 0.420956 0.424554 0.008799 0.009386
2 0.429755 0.427683 0.007039 0.009386
2 0.422276 0.425336 0.009679 0.007822
2 0.422276 0.430811 0.009679 0.009386
2 0.439434 0.437851 0.012319 0.014079
2 0.430635 0.436286 0.008799 0.014079
2 0.421836 0.440197 0.008799 0.012514
2 0.422716 0.448019 0.008799 0.012514
2 0.432395 0.446454 0.012319 0.015643
2 0.443394 0.450365 0.013199 0.014079
2 0.459673 0.447236 0.014079 0.017207
2 0.479031 0.448801 0.014079 0.014079
2 0.486510 0.475394 0.027278 0.039108
2 0.516868 0.473048 0.033437 0.031286
2 0.433979 0.523105 0.107703 0.143917
2 0.328564 0.431593 0.035197 0.029722
