0 0.947422 0.525468 0.054053 0.196875
0 0.646177 0.547734 0.036914 0.072656
0 0.554551 0.564140 0.011865 0.044531
0 0.565757 0.565312 0.010547 0.046875
0 0.528843 0.564140 0.013184 0.035156
0 0.502476 0.584062 0.007910 0.023437
0 0.497202 0.578203 0.007910 0.021094
2 0.447105 0.587578 0.010547 0.035156
2 0.310655 0.612187 0.069873 0.084375
2 0.430625 0.587578 0.030322 0.053906
2 0.474131 0.596953 0.054053 0.077344
2 0.375913 0.607500 0.071191 0.098437
2 0.118084 0.756328 0.236167 0.485156
2 0.210459 0.595546 0.040869 0.016406
