2 0.058488 0.467908 0.115027 0.145571
2 0.897798 0.534628 0.200810 0.365661
2 0.492765 0.453177 0.063363 0.088383
2 0.169617 0.457510 0.109178 0.090116
2 0.780334 0.524230 0.215433 0.233954
2 0.670668 0.475706 0.116977 0.164634
2 0.606818 0.469641 0.053614 0.100514
2 0.591221 0.458376 0.045816 0.098781
2 0.546867 0.437580 0.015597 0.022529
2 0.529808 0.439313 0.018521 0.032927
2 0.327048 0.447112 0.018521 0.048524
2 0.352393 0.443646 0.028269 0.048524
2 0.377251 0.441913 0.019496 0.038126
2 0.396747 0.443646 0.019496 0.034660
2 0.415268 0.442779 0.013647 0.032927
2 0.430378 0.445379 0.008773 0.027728
2 0.441588 0.441046 0.017547 0.039859
2 0.458647 0.440180 0.016572 0.013864
4 0.262711 0.416785 0.106254 0.129974
