2 0.559534 0.450693 0.009356 0.026335
4 0.546280 0.449307 0.024949 0.076232
2 0.536924 0.464784 0.014034 0.038809
4 0.521331 0.448383 0.026508 0.128901
4 0.436740 0.446766 0.144234 0.275359
2 0.305369 0.522305 0.265079 0.345123
2 0.144109 0.671304 0.288217 0.651437
2 0.596177 0.458316 0.004678 0.022177
2 0.602804 0.462474 0.013254 0.027721
2 0.611380 0.465246 0.008576 0.030493
2 0.618397 0.470790 0.013254 0.041581
2 0.626583 0.479107 0.018711 0.047125
2 0.643735 0.486730 0.023389 0.059600
4 0.716242 0.456699 0.126303 0.198203
2 0.774456 0.533624 0.101354 0.224538
4 0.897180 0.440889 0.203628 0.820792
