2 0.363867 0.451562 0.012656 0.024375
2 0.356484 0.453437 0.012656 0.028125
2 0.346465 0.457187 0.013711 0.024375
3 0.328535 0.454375 0.024258 0.037500
2 0.311133 0.465625 0.016875 0.045000
2 0.300586 0.464687 0.023203 0.050625
2 0.284766 0.478750 0.033750 0.071250
2 0.455625 0.452500 0.008437 0.018750
2 0.467754 0.455312 0.011602 0.024375
2 0.490430 0.450625 0.050625 0.071250
2 0.531562 0.433750 0.023203 0.018750
2 0.521015 0.472187 0.027422 0.069375
2 0.566367 0.435625 0.042187 0.022500
2 0.551074 0.482500 0.064336 0.086250
2 0.600644 0.437500 0.024258 0.015000
2 0.574804 0.499375 0.052734 0.093750
2 0.628594 0.506875 0.101250 0.161250
2 0.174044 0.499394 0.045352 0.084375
2 0.092306 0.476894 0.124453 0.091875
2 0.817265 0.535801 0.326953 0.339375
2 0.099609 0.697988 0.199219 0.461250
2 0.933808 0.697051 0.129727 0.286875
2 0.989179 0.537676 0.018984 0.069375
2 0.418066 0.453994 0.055898 0.037012
2 0.234023 0.489863 0.084375 0.105000
