2 0.222539 0.412098 0.010547 0.016875
2 0.232031 0.416786 0.012656 0.015000
2 0.244687 0.431786 0.021094 0.030000
2 0.206191 0.446786 0.022148 0.037500
2 0.169277 0.434598 0.026367 0.028125
2 0.150293 0.438348 0.026367 0.035625
2 0.129199 0.441161 0.036914 0.045000
0 0.063809 0.434062 0.011602 0.048750
0 0.080156 0.450000 0.014766 0.065625
0 0.040078 0.423750 0.018984 0.046875
2 0.310078 0.428437 0.014766 0.022500
2 0.329062 0.435937 0.021094 0.026250
2 0.351738 0.439687 0.028477 0.030000
2 0.382851 0.440625 0.021094 0.028125
2 0.397090 0.444375 0.017930 0.024375
2 0.409746 0.450937 0.020039 0.026250
2 0.422930 0.450937 0.025312 0.022500
2 0.422402 0.475312 0.028477 0.052500
2 0.448769 0.489375 0.062227 0.091875
2 0.484629 0.449062 0.020039 0.026250
3 0.526816 0.448125 0.074883 0.125625
2 0.562676 0.502500 0.091758 0.129375
2 0.634394 0.499687 0.044297 0.067500
2 0.784160 0.467812 0.067500 0.052500
2 0.702949 0.480000 0.111797 0.144375
2 0.879609 0.540000 0.211992 0.204375
2 0.979277 0.494062 0.035859 0.071250
2 0.962402 0.449062 0.069609 0.041250
