2 0.970622 0.633351 0.054114 0.438818
2 0.767029 0.474599 0.186076 0.165401
2 0.792187 0.509198 0.133861 0.163713
2 0.504529 0.465316 0.014241 0.025316
2 0.420035 0.447595 0.044620 0.047257
2 0.226614 0.409789 0.012342 0.016878
2 0.196234 0.431730 0.014241 0.027004
2 0.214272 0.433418 0.023734 0.030380
2 0.325348 0.435949 0.037025 0.032067
2 0.196044 0.404726 0.014240 0.020253
2 0.237816 0.434261 0.029430 0.032067
2 0.273418 0.437637 0.041772 0.038819
2 0.552816 0.498396 0.114873 0.116456
2 0.450759 0.475612 0.079747 0.077637
2 0.367405 0.435949 0.037975 0.065823
