2 0.105916 0.607819 0.211833 0.316772
2 0.252492 0.640984 0.208081 0.172205
2 0.391811 0.617599 0.099257 0.112677
2 0.510799 0.604843 0.016742 0.023386
2 0.494057 0.615473 0.016742 0.031890
2 0.898858 0.639921 0.199710 0.238110
2 0.761333 0.630355 0.130349 0.167953
2 0.681808 0.631417 0.052618 0.106299
2 0.638159 0.625040 0.034680 0.063780
2 0.612448 0.612284 0.033484 0.059528
2 0.596902 0.608032 0.016742 0.046772
2 0.580160 0.609095 0.019134 0.040394
2 0.565809 0.608032 0.016742 0.034016
2 0.539500 0.616536 0.040659 0.059528
2 0.449212 0.611221 0.029897 0.057402
2 0.471934 0.604843 0.020330 0.057402
