2 0.315241 0.407664 0.008993 0.012434
2 0.306248 0.409737 0.008993 0.014211
2 0.294757 0.409145 0.015987 0.017763
2 0.277771 0.419211 0.011990 0.017763
2 0.268779 0.419211 0.013988 0.021316
2 0.257288 0.423651 0.016986 0.023092
2 0.242800 0.421875 0.015987 0.023092
2 0.232309 0.429868 0.018984 0.028421
2 0.218320 0.430757 0.018984 0.030197
2 0.123398 0.453849 0.042965 0.047961
2 0.080184 0.460954 0.069942 0.071053
2 0.018235 0.474276 0.035970 0.087039
2 0.179103 0.449408 0.073939 0.076382
2 0.329229 0.404556 0.008993 0.005329
2 0.339720 0.403668 0.007993 0.014211
2 0.342718 0.407220 0.009992 0.014211
2 0.353209 0.401891 0.004996 0.014211
2 0.357706 0.405444 0.005995 0.014211
2 0.364700 0.407220 0.009992 0.014211
2 0.379937 0.414326 0.012989 0.021316
2 0.395924 0.415214 0.020983 0.030197
2 0.412910 0.423207 0.022981 0.035526
2 0.435392 0.424984 0.035970 0.046184
2 0.496930 0.426189 0.059951 0.104803
2 0.552884 0.443064 0.113906 0.131447
2 0.645808 0.410202 0.061949 0.062171
2 0.724743 0.380893 0.085929 0.039079
2 0.720389 0.480367 0.208828 0.191842
2 0.900598 0.411090 0.195839 0.159868
