2 0.471811 0.375765 0.013776 0.015306
2 0.460619 0.391837 0.017219 0.019898
2 0.438234 0.394133 0.015497 0.024490
2 0.426611 0.398725 0.012915 0.024490
2 0.416709 0.401786 0.010332 0.027551
2 0.359455 0.413265 0.024968 0.038265
2 0.403795 0.405612 0.022385 0.029082
2 0.527344 0.394133 0.011193 0.015306
2 0.510125 0.392602 0.016358 0.018367
2 0.491183 0.391837 0.011193 0.016837
2 0.479991 0.396429 0.011193 0.016837
2 0.545424 0.407908 0.013776 0.027551
2 0.560922 0.405612 0.022385 0.038265
2 0.594069 0.412500 0.040466 0.061225
1 0.567379 0.423214 0.023246 0.067347
5 0.567379 0.451531 0.012915 0.056633
3 0.245855 0.407255 0.198023 0.185204
2 0.968053 0.640591 0.063894 0.344388
