2 0.358177 0.394417 0.014007 0.008893
2 0.370183 0.394417 0.008004 0.012451
2 0.379187 0.400642 0.010005 0.021344
2 0.436716 0.413093 0.011005 0.017787
2 0.487241 0.429101 0.030015 0.032016
2 0.455225 0.424654 0.036018 0.044466
2 0.409202 0.430880 0.046023 0.074704
2 0.216607 0.428212 0.059029 0.108498
2 0.297147 0.378409 0.092045 0.062253
0 0.538766 0.417540 0.007003 0.016008
0 0.547771 0.418429 0.007003 0.017787
0 0.759375 0.442441 0.020010 0.051581
0 0.727359 0.456670 0.018009 0.062253
0 0.713853 0.456670 0.015007 0.062253
0 0.646820 0.442441 0.011005 0.044466
0 0.638816 0.438884 0.009004 0.051581
0 0.627810 0.439773 0.013006 0.064032
0 0.613303 0.445109 0.014007 0.067589
2 0.525260 0.454002 0.070035 0.078261
2 0.070435 0.478992 0.140069 0.293478
0 0.171485 0.406957 0.010005 0.056917
0 0.177988 0.401976 0.007003 0.056917
2 0.007404 0.643874 0.014007 0.206324
2 0.822706 0.622708 0.353174 0.427233
2 0.288443 0.630889 0.301149 0.450000
