2 0.615456 0.614698 0.193919 0.169322
2 0.918409 0.793220 0.157881 0.311186
2 0.357183 0.576562 0.068644 0.093051
2 0.514553 0.576610 0.051483 0.073220
2 0.487096 0.573559 0.020593 0.042712
2 0.475941 0.565932 0.022309 0.045763
2 0.463928 0.568983 0.008581 0.030508
2 0.459209 0.563644 0.009439 0.022881
2 0.452345 0.559830 0.009439 0.021356
2 0.446338 0.558305 0.006006 0.015254
2 0.440761 0.555254 0.006864 0.012203
2 0.317631 0.578135 0.023167 0.057966
2 0.400433 0.572797 0.022309 0.056441
2 0.412401 0.560157 0.012013 0.019831
2 0.423555 0.560157 0.010297 0.019831
2 0.433852 0.557869 0.010297 0.015254
