2 0.450710 0.520501 0.006593 0.012786
2 0.443818 0.524763 0.008391 0.021310
2 0.433929 0.525829 0.016182 0.023441
2 0.421342 0.532222 0.025772 0.031965
2 0.463297 0.523165 0.023375 0.060734
2 0.552899 0.534886 0.043153 0.060734
2 0.354515 0.539680 0.019179 0.042620
2 0.287508 0.538828 0.040156 0.039424
2 0.405579 0.532435 0.013785 0.022376
2 0.670132 0.568129 0.108482 0.136385
2 0.823086 0.570353 0.263114 0.263636
2 0.495961 0.545807 0.078515 0.112411
2 0.382085 0.543765 0.050945 0.068193
2 0.328743 0.548560 0.043752 0.054341
2 0.112944 0.602623 0.225888 0.411286
2 0.936749 0.629794 0.124065 0.329242
