0 0.411369 0.579686 0.005849 0.019063
0 0.420630 0.580552 0.004874 0.017330
0 0.427453 0.580552 0.006824 0.017330
2 0.500076 0.584885 0.011698 0.029461
2 0.514699 0.591817 0.027295 0.039859
2 0.536144 0.610013 0.031194 0.072786
2 0.591221 0.637741 0.110153 0.169833
2 0.406495 0.583152 0.011698 0.032927
2 0.397722 0.580552 0.011698 0.038126
2 0.388461 0.582285 0.014622 0.041592
2 0.377251 0.587484 0.021446 0.045058
2 0.367015 0.590084 0.020471 0.046791
2 0.347032 0.590950 0.033143 0.058922
2 0.327535 0.596149 0.027295 0.062388
2 0.301216 0.601348 0.044841 0.083184
2 0.262711 0.601348 0.055564 0.097048
2 0.185213 0.611746 0.107229 0.131707
2 0.074573 0.646406 0.149146 0.149037
