2 0.419466 0.423523 0.066923 0.082554
2 0.661893 0.413811 0.065558 0.077698
2 0.553313 0.400456 0.034145 0.050989
1 0.326593 0.425951 0.023218 0.077698
5 0.330007 0.442947 0.021853 0.063130
0 0.207087 0.428379 0.016389 0.101978
0 0.255572 0.412597 0.015024 0.084982
0 0.298594 0.399242 0.008195 0.038849
0 0.374395 0.406527 0.012292 0.053417
0 0.839445 0.393172 0.024584 0.080126
0 0.814861 0.393172 0.019121 0.084982
2 0.461123 0.412597 0.046437 0.070414
2 0.625700 0.396814 0.036876 0.077698
2 0.603847 0.402884 0.028681 0.055845
2 0.590872 0.401670 0.019121 0.043705
2 0.586092 0.393172 0.028681 0.055845
4 0.539655 0.382246 0.036876 0.077698
2 0.505511 0.401670 0.015024 0.019424
2 0.485707 0.404098 0.010926 0.024281
