2 0.961177 0.389556 0.073697 0.091967
4 0.808653 0.372204 0.108368 0.140553
2 0.530000 0.385218 0.009761 0.017352
2 0.540249 0.387821 0.006832 0.019087
2 0.549522 0.386953 0.009761 0.024293
2 0.556354 0.392159 0.011713 0.027763
2 0.573923 0.399100 0.029282 0.041645
2 0.646152 0.423393 0.093702 0.131877
2 0.511943 0.388689 0.010737 0.017352
2 0.503159 0.387821 0.008785 0.015617
2 0.493398 0.388689 0.016593 0.034704
2 0.484126 0.393894 0.019521 0.031234
2 0.458748 0.397365 0.044899 0.065938
2 0.368951 0.370469 0.039042 0.026028
2 0.328444 0.370469 0.057588 0.029499
2 0.197164 0.406908 0.062468 0.137082
2 0.015129 0.463303 0.030258 0.100643
