2 0.689878 0.356486 0.068860 0.057809
2 0.547056 0.366404 0.007651 0.022103
2 0.554707 0.365554 0.007651 0.023804
2 0.493516 0.363142 0.018711 0.033265
2 0.473414 0.365554 0.017215 0.027204
2 0.449983 0.372355 0.025823 0.030605
2 0.420334 0.383407 0.029648 0.042506
2 0.374906 0.387658 0.061209 0.061209
2 0.262530 0.411461 0.054514 0.051008
2 0.217579 0.421663 0.044950 0.071411
2 0.173585 0.436115 0.056427 0.076511
2 0.325333 0.401260 0.041125 0.057809
2 0.578458 0.375756 0.033474 0.044207
2 0.534837 0.364528 0.012474 0.019405
2 0.520413 0.365914 0.013254 0.013860
