2 0.611486 0.397559 0.016742 0.025512
2 0.634806 0.401811 0.046639 0.055276
2 0.669486 0.409252 0.053814 0.065906
2 0.715925 0.418819 0.062185 0.102047
2 0.503858 0.394370 0.016742 0.023386
2 0.486518 0.396496 0.015546 0.023386
2 0.471570 0.398622 0.019134 0.023386
2 0.450044 0.402874 0.019134 0.027638
2 0.368726 0.417756 0.026309 0.044646
2 0.346602 0.418819 0.029897 0.042520
2 0.325076 0.424134 0.037072 0.044646
2 0.295180 0.429449 0.039464 0.051024
2 0.251132 0.435473 0.066969 0.061654
2 0.427921 0.406772 0.027505 0.034016
2 0.535748 0.398268 0.035876 0.063780
2 0.780502 0.431221 0.119587 0.142441
