2 0.201011 0.699486 0.011912 0.018529
2 0.218134 0.704780 0.019357 0.018529
2 0.240469 0.712721 0.019357 0.029118
2 0.174210 0.696839 0.017868 0.029118
2 0.158575 0.695515 0.019357 0.026471
2 0.136985 0.691545 0.020846 0.018529
2 0.122840 0.700809 0.016379 0.037059
2 0.112417 0.699486 0.016379 0.039706
2 0.281416 0.712721 0.011912 0.018529
2 0.290349 0.716692 0.014890 0.021176
2 0.304495 0.723309 0.016379 0.023824
2 0.325340 0.731251 0.019357 0.029118
2 0.346186 0.737868 0.025313 0.037059
2 0.367776 0.744486 0.035735 0.050294
2 0.375965 0.751103 0.031268 0.042353
2 0.405745 0.753751 0.058070 0.063529
2 0.420634 0.766986 0.040202 0.063529
2 0.015634 0.690221 0.031268 0.100588
2 0.053603 0.702133 0.107206 0.121765
2 0.464559 0.780221 0.086360 0.113824
2 0.976285 0.912574 0.047430 0.095294
2 0.881322 0.893648 0.153364 0.127059
2 0.267270 0.710074 0.010423 0.023824
2 0.250147 0.710074 0.026801 0.037059
