2 0.355643 0.320274 0.025121 0.025520
2 0.330881 0.315808 0.020097 0.019140
2 0.381123 0.315808 0.017226 0.029348
2 0.490221 0.308663 0.012919 0.014036
2 0.463664 0.308025 0.047371 0.022968
2 0.464023 0.313767 0.036605 0.026796
2 0.453615 0.315681 0.043065 0.038280
2 0.444285 0.320785 0.057420 0.038280
2 0.393684 0.320147 0.010766 0.039556
2 0.531132 0.306749 0.014355 0.020416
2 0.544769 0.315043 0.011484 0.029348
2 0.556971 0.323337 0.015790 0.043384
2 0.580657 0.320147 0.038758 0.065076
2 0.584604 0.327165 0.025121 0.066352
2 0.594294 0.334183 0.025839 0.072732
2 0.612955 0.345028 0.034452 0.079112
2 0.626592 0.359064 0.041629 0.099527
2 0.762554 0.386717 0.177181 0.202883
2 0.673246 0.358426 0.091871 0.146739
2 0.211017 0.339414 0.022250 0.031900
2 0.239727 0.333672 0.042347 0.058696
2 0.173695 0.331758 0.022250 0.049764
2 0.144626 0.332396 0.033016 0.048488
2 0.302171 0.335586 0.101920 0.067628
2 0.428135 0.322188 0.065315 0.045936
2 0.509600 0.304962 0.012919 0.016588
2 0.882110 0.477859 0.233267 0.338138
2 0.004306 0.343242 0.007895 0.025520
2 0.065674 0.366848 0.116275 0.149291
