2 0.534199 0.425625 0.013711 0.016875
2 0.613494 0.430862 0.014241 0.013502
2 0.625361 0.430018 0.013291 0.018565
2 0.630583 0.446052 0.019937 0.040506
2 0.577893 0.435081 0.013291 0.028692
2 0.563178 0.437613 0.018038 0.030380
2 0.547039 0.446896 0.025633 0.045570
2 0.477260 0.430862 0.024684 0.027004
2 0.419349 0.445208 0.026582 0.038819
2 0.447830 0.438457 0.039873 0.042194
2 0.379950 0.448583 0.033228 0.045570
2 0.341975 0.457866 0.065506 0.064135
2 0.655538 0.453164 0.040823 0.059072
2 0.600000 0.461603 0.053165 0.075949
2 0.506487 0.470886 0.080696 0.141772
2 0.891862 0.535503 0.212658 0.172152
2 0.950316 0.670886 0.095886 0.303797
4 0.182441 0.419010 0.094564 0.084057
