2 0.045607 0.404788 0.088494 0.059528
2 0.040824 0.380644 0.081319 0.038454
2 0.107194 0.398622 0.025113 0.044646
2 0.180142 0.404348 0.051422 0.060349
2 0.368491 0.397970 0.052618 0.073105
2 0.380450 0.382677 0.043051 0.059528
2 0.418120 0.375236 0.020330 0.023386
2 0.414532 0.355039 0.010763 0.012756
2 0.426491 0.352913 0.013155 0.012756
2 0.465356 0.369921 0.019134 0.029764
2 0.494057 0.375236 0.014350 0.027638
2 0.506016 0.374384 0.019134 0.030185
2 0.610654 0.380363 0.060989 0.088915
2 0.656097 0.387992 0.089690 0.104173
2 0.538304 0.365669 0.021526 0.025512
2 0.578366 0.365669 0.013155 0.025512
2 0.342182 0.375236 0.019134 0.023386
