2 0.426970 0.379529 0.017193 0.035660
2 0.444163 0.383349 0.034387 0.043302
2 0.498609 0.397359 0.074505 0.101887
2 0.315213 0.366793 0.022925 0.035660
2 0.293004 0.371887 0.024357 0.045849
2 0.277960 0.378255 0.020059 0.043302
2 0.266498 0.380802 0.017193 0.053491
2 0.234260 0.374434 0.055879 0.076415
2 0.213485 0.392265 0.034387 0.071321
2 0.173367 0.394812 0.063043 0.096793
2 0.142562 0.407548 0.050147 0.091698
2 0.066624 0.389717 0.133249 0.173208
2 0.530130 0.418246 0.097429 0.106981
2 0.338853 0.373670 0.024357 0.033113
2 0.071639 0.512491 0.143278 0.326038
2 0.379366 0.374682 0.037540 0.070551
2 0.390628 0.387076 0.060064 0.083898
2 0.355233 0.352754 0.036467 0.061017
