2 0.392848 0.545026 0.007798 0.012131
2 0.351418 0.545892 0.012673 0.017330
2 0.348006 0.554557 0.011698 0.010398
2 0.338258 0.548492 0.007798 0.022529
2 0.326561 0.555424 0.013647 0.036393
2 0.314376 0.559756 0.020471 0.041592
2 0.291468 0.569288 0.040942 0.057189
2 0.400159 0.546759 0.008773 0.019063
2 0.405033 0.550225 0.006824 0.019063
2 0.417705 0.548492 0.016572 0.029461
2 0.423067 0.558890 0.013647 0.036393
2 0.443538 0.557157 0.027295 0.053723
2 0.459622 0.581419 0.024370 0.060655
2 0.479605 0.580552 0.027295 0.079718
2 0.518110 0.596149 0.086758 0.117843
2 0.185213 0.619545 0.101380 0.133440
2 0.088220 0.649005 0.176440 0.192362
2 0.275383 0.584018 0.049715 0.062388
2 0.363116 0.621278 0.090657 0.123042
2 0.378225 0.549358 0.009748 0.013864
2 0.570750 0.618678 0.117952 0.138639
3 0.364578 0.546932 0.009748 0.017330
0 0.053614 0.554124 0.009748 0.012131
