2 0.421675 0.569379 0.010984 0.016864
2 0.396213 0.561390 0.007988 0.009763
2 0.389223 0.572041 0.017973 0.027515
2 0.371749 0.573373 0.025962 0.031953
2 0.256670 0.584911 0.016476 0.030178
2 0.316581 0.584911 0.011483 0.017751
2 0.070945 0.584467 0.073391 0.043491
2 0.107890 0.611095 0.079382 0.078994
3 0.439149 0.560947 0.010984 0.024852
2 0.442145 0.567337 0.013979 0.031953
2 0.458870 0.565118 0.033450 0.054142
2 0.494068 0.578432 0.059911 0.075444
2 0.346287 0.577101 0.035947 0.044379
2 0.287624 0.597071 0.063406 0.078994
2 0.166553 0.651213 0.164756 0.178402
2 0.405699 0.571154 0.024963 0.031065
2 0.036596 0.625030 0.073192 0.102959
2 0.848703 0.709014 0.299954 0.407899
