2 0.495147 0.475655 0.008190 0.016641
2 0.500997 0.477735 0.005850 0.020801
2 0.506263 0.481896 0.011701 0.029122
2 0.513283 0.487096 0.011701 0.035362
2 0.525569 0.486056 0.019891 0.041602
2 0.474671 0.477735 0.011701 0.012481
3 0.459460 0.469068 0.014041 0.027042
2 0.448344 0.479469 0.010531 0.018721
2 0.429038 0.482589 0.009361 0.024961
2 0.417337 0.486749 0.016381 0.024961
2 0.406222 0.489869 0.010531 0.027042
2 0.393351 0.492990 0.015211 0.033282
2 0.387500 0.497150 0.012871 0.029122
2 0.375215 0.500270 0.018721 0.043683
2 0.372875 0.505470 0.011701 0.029122
2 0.359419 0.502350 0.022231 0.039522
2 0.537269 0.496110 0.036272 0.047843
2 0.486956 0.480509 0.017551 0.020801
2 0.347133 0.515871 0.035102 0.045763
2 0.604548 0.507550 0.039782 0.124807
2 0.673583 0.508590 0.149769 0.189291
2 0.825692 0.540832 0.266776 0.278737
2 0.145296 0.532512 0.071374 0.054083
2 0.035894 0.521071 0.067864 0.022881
0 0.121894 0.533552 0.012871 0.052003
0 0.956740 0.651079 0.084245 0.316179
0 0.278684 0.514831 0.012871 0.056163
0 0.262303 0.521071 0.012871 0.047843
0 0.575882 0.489869 0.008190 0.039522
