2 0.479200 0.526856 0.016531 0.025714
2 0.454404 0.534203 0.018597 0.033061
2 0.432191 0.539713 0.017564 0.040408
2 0.411528 0.537876 0.025829 0.047755
2 0.386732 0.545223 0.023763 0.055102
2 0.357287 0.551652 0.030995 0.060612
2 0.313894 0.560835 0.055791 0.078980
2 0.258103 0.596652 0.064056 0.088163
2 0.565469 0.533284 0.019630 0.038571
2 0.687899 0.538795 0.033061 0.078980
2 0.715278 0.579203 0.089885 0.126735
2 0.191381 0.612918 0.098150 0.108367
2 0.633264 0.547714 0.076867 0.146939
2 0.846277 0.583531 0.235511 0.236939
2 0.510111 0.538530 0.035128 0.040408
2 0.540590 0.535775 0.015497 0.034898
2 0.068053 0.555979 0.136106 0.321429
2 0.971208 0.636307 0.045443 0.287008
