0 0.649687 0.521326 0.011365 0.056939
0 0.640905 0.523163 0.008265 0.053265
0 0.683265 0.525918 0.016531 0.091837
2 0.139994 0.580714 0.052691 0.090000
2 0.075937 0.615612 0.112615 0.123061
2 0.305816 0.534184 0.012398 0.016531
2 0.287736 0.553469 0.036161 0.051429
2 0.361607 0.539694 0.030995 0.042245
2 0.400867 0.522245 0.010332 0.014694
2 0.397768 0.531428 0.010332 0.018367
2 0.388986 0.532347 0.011365 0.020204
2 0.379687 0.527755 0.011365 0.022041
2 0.201983 0.594184 0.145676 0.181837
2 0.327513 0.547653 0.051658 0.075306
2 0.415332 0.524694 0.014464 0.018367
2 0.429796 0.521939 0.014464 0.023878
2 0.437545 0.526531 0.007232 0.018367
2 0.441677 0.526531 0.009298 0.014694
2 0.446843 0.531122 0.011365 0.023878
2 0.457175 0.532959 0.015497 0.027551
2 0.464407 0.535714 0.013431 0.036735
2 0.484037 0.530204 0.036161 0.058775
2 0.502978 0.505408 0.019630 0.027551
2 0.516926 0.545816 0.055791 0.078980
2 0.547404 0.558673 0.054758 0.086327
2 0.601129 0.572449 0.098150 0.110204
2 0.843405 0.659694 0.312015 0.279796
2 0.010848 0.653877 0.021696 0.102857
