0 0.112415 0.576095 0.049325 0.226360
0 0.145681 0.566035 0.047031 0.198897
0 0.427674 0.543127 0.024089 0.114199
0 0.657666 0.539048 0.018353 0.065257
0 0.579855 0.539388 0.020648 0.073414
0 0.621515 0.540089 0.020648 0.085650
2 0.857260 0.529192 0.011471 0.018353
2 0.825142 0.532251 0.025236 0.028550
2 0.807362 0.532251 0.012618 0.016314
2 0.802773 0.539388 0.021795 0.038746
2 0.970822 0.541427 0.034413 0.050982
2 0.781055 0.535921 0.040148 0.057100
2 0.766716 0.545098 0.036707 0.046903
2 0.846267 0.533780 0.018353 0.022432
2 0.711771 0.536329 0.068826 0.091767
2 0.901041 0.539388 0.045884 0.057100
4 0.942336 0.520015 0.043589 0.075453
2 0.987455 0.548565 0.024089 0.077492
