2 0.229606 0.558573 0.031965 0.030493
2 0.186335 0.562731 0.056134 0.041581
2 0.383975 0.559959 0.005458 0.024949
2 0.455313 0.561345 0.015593 0.030493
2 0.369162 0.556494 0.027288 0.045739
4 0.292757 0.541247 0.019491 0.018018
4 0.308740 0.545405 0.012474 0.018018
4 0.052626 0.539515 0.105252 0.119199
2 0.019101 0.586986 0.038203 0.054055
2 0.348891 0.571509 0.038203 0.044353
2 0.277164 0.597151 0.086541 0.095637
2 0.474544 0.561807 0.031186 0.049897
2 0.417500 0.566542 0.064711 0.103953
2 0.760934 0.630647 0.291587 0.340965
