5 0.757597 0.606109 0.045743 0.100281
0 0.780631 0.565884 0.012871 0.062542
2 0.836833 0.561308 0.084089 0.074746
2 0.110923 0.674952 0.217945 0.454576
2 0.314281 0.619274 0.102966 0.157119
2 0.395795 0.597918 0.053199 0.068644
2 0.468730 0.597918 0.051483 0.068644
2 0.234053 0.652071 0.146727 0.198305
2 0.556680 0.588003 0.036896 0.051864
2 0.425827 0.593342 0.025742 0.041186
2 0.533083 0.588766 0.008581 0.032034
2 0.524074 0.587240 0.007722 0.019831
2 0.515922 0.586478 0.006864 0.024407
2 0.507342 0.589528 0.008581 0.018305
2 0.502194 0.578851 0.006864 0.015254
