2 0.412890 0.469194 0.013196 0.025592
2 0.403893 0.481990 0.016795 0.034123
2 0.389497 0.492654 0.026392 0.038389
2 0.367903 0.506516 0.026392 0.066114
2 0.350508 0.503317 0.039588 0.068246
2 0.299524 0.523578 0.100770 0.113033
2 0.454278 0.467061 0.016795 0.017062
2 0.466274 0.477725 0.016795 0.025592
2 0.481869 0.472393 0.023993 0.036256
2 0.506508 0.493809 0.034881 0.032168
2 0.557447 0.523578 0.050385 0.053317
2 0.591637 0.521445 0.044387 0.061848
4 0.649220 0.551303 0.111567 0.142891
2 0.936477 0.664336 0.127047 0.211137
