2 0.250109 0.563136 0.058729 0.036421
2 0.358689 0.558280 0.038242 0.041277
2 0.386687 0.543712 0.017755 0.026709
2 0.402394 0.542498 0.024584 0.029137
2 0.483658 0.536428 0.017755 0.031565
2 0.503462 0.537642 0.013658 0.024281
2 0.521900 0.542498 0.020487 0.029137
2 0.937781 0.546140 0.057363 0.031565
2 0.541021 0.553424 0.034145 0.041277
2 0.562873 0.542498 0.020487 0.019424
2 0.579263 0.542498 0.017755 0.029137
2 0.588823 0.544926 0.023218 0.029137
2 0.618188 0.550996 0.057363 0.041277
2 0.426295 0.530358 0.020487 0.024281
2 0.323178 0.547354 0.035510 0.038849
2 0.293131 0.555852 0.035510 0.036421
2 0.096458 0.550996 0.084679 0.089838
2 0.155187 0.549782 0.040974 0.072842
2 0.813324 0.570999 0.072387 0.109263
