2 0.324277 0.623413 0.072840 0.111140
2 0.452487 0.607631 0.007456 0.013255
2 0.460803 0.609670 0.012618 0.019373
2 0.468546 0.616808 0.007456 0.027530
2 0.476863 0.618337 0.016059 0.036707
2 0.484319 0.620377 0.019501 0.038746
2 0.495503 0.622416 0.032692 0.044864
2 0.528482 0.635161 0.047031 0.078512
2 0.574242 0.657593 0.096929 0.121337
2 0.432659 0.607631 0.010897 0.019373
2 0.424055 0.608141 0.010897 0.018353
2 0.418033 0.612219 0.010324 0.022432
2 0.411724 0.615278 0.013765 0.028550
2 0.398819 0.618847 0.024662 0.037727
2 0.374444 0.625475 0.035560 0.048943
2 0.044385 0.764258 0.088770 0.329343
