0 0.959211 0.415052 0.079934 0.327535
0 0.698937 0.370860 0.040942 0.128241
0 0.576111 0.359596 0.025345 0.112644
0 0.464496 0.338800 0.034118 0.133440
0 0.350931 0.320603 0.011698 0.076252
0 0.342645 0.324936 0.010723 0.088383
0 0.250526 0.326669 0.025345 0.105712
0 0.214458 0.316271 0.027295 0.126508
0 0.191550 0.315404 0.026320 0.117843
0 0.163768 0.312805 0.029244 0.116110
0 0.129649 0.322336 0.013647 0.117843
0 0.142809 0.325802 0.026320 0.145571
0 0.113078 0.320603 0.035093 0.149037
0 0.050690 0.329268 0.042892 0.138639
0 0.887075 0.405520 0.015597 0.072786
2 0.622902 0.355263 0.037043 0.038126
2 0.643373 0.361329 0.027295 0.029461
2 0.660432 0.360462 0.024370 0.038126
2 0.677979 0.365661 0.032169 0.048524
2 0.735005 0.377792 0.054589 0.055456
2 0.773023 0.394256 0.060438 0.050257
2 0.832973 0.410719 0.084808 0.072786
2 0.578061 0.348331 0.038992 0.048524
2 0.514211 0.357863 0.059463 0.081451
2 0.435252 0.326669 0.039967 0.039859
