2 0.509712 0.508739 0.014041 0.016641
2 0.509127 0.517060 0.015211 0.016641
2 0.500936 0.529540 0.017551 0.024962
2 0.486895 0.533701 0.026912 0.033282
2 0.464079 0.547221 0.028082 0.052003
2 0.430147 0.558662 0.051483 0.095686
2 0.414351 0.566983 0.059674 0.091525
2 0.371644 0.579463 0.081905 0.137288
2 0.271603 0.611705 0.211783 0.210093
2 0.118908 0.660588 0.236354 0.312019
2 0.525508 0.527460 0.015211 0.024961
2 0.553004 0.527460 0.014041 0.029122
2 0.541304 0.527460 0.011701 0.029122
2 0.581671 0.548261 0.019891 0.049923
2 0.616773 0.562822 0.064354 0.095686
2 0.672937 0.600265 0.097116 0.162250
2 0.817440 0.623146 0.250395 0.282897
2 0.916896 0.686590 0.163810 0.409785
2 0.526093 0.506659 0.011701 0.012481
