4 0.349186 0.530090 0.012621 0.028047
2 0.364963 0.536635 0.012621 0.022438
2 0.375481 0.537570 0.010518 0.013089
2 0.337091 0.537570 0.007362 0.016828
2 0.327625 0.540374 0.017880 0.018698
2 0.313426 0.543179 0.021035 0.039266
2 0.306064 0.545049 0.023139 0.039266
2 0.282399 0.545984 0.036812 0.044875
2 0.263467 0.560942 0.038915 0.052355
2 0.389154 0.542244 0.014725 0.033657
2 0.394412 0.545984 0.014725 0.033657
2 0.398619 0.547853 0.014725 0.029917
2 0.408085 0.548788 0.016828 0.043006
2 0.428595 0.554398 0.036812 0.057964
2 0.517469 0.582133 0.109384 0.194460
2 0.595300 0.642902 0.161972 0.185111
2 0.803589 0.754280 0.390205 0.351524
2 0.970972 0.885486 0.056795 0.216898
2 0.010518 0.696877 0.021035 0.140236
2 0.070110 0.613484 0.137828 0.212036
0 0.153558 0.566552 0.021035 0.078532
0 0.460243 0.549322 0.015585 0.060636
6 0.228759 0.566552 0.017880 0.029917
