2 0.489067 0.566943 0.014396 0.023460
2 0.475271 0.570142 0.010797 0.017062
2 0.465074 0.564810 0.014396 0.023460
3 0.444081 0.555213 0.029991 0.042654
2 0.417688 0.554147 0.027592 0.049052
3 0.349309 0.544549 0.089973 0.115166
3 0.308521 0.560545 0.058783 0.117298
3 0.225745 0.565876 0.123563 0.157820
2 0.097384 0.631990 0.178747 0.145024
2 0.514860 0.574407 0.017995 0.025592
2 0.534654 0.574407 0.014396 0.021327
2 0.544251 0.573341 0.009597 0.019194
2 0.555048 0.569075 0.011996 0.023460
2 0.568244 0.571208 0.019194 0.031991
2 0.579640 0.576540 0.020394 0.042654
2 0.598835 0.578673 0.044387 0.055450
2 0.632425 0.594668 0.053984 0.066114
2 0.722398 0.606398 0.137959 0.187678
2 0.955671 0.724763 0.088658 0.262322
