2 0.517974 0.517263 0.017586 0.022737
2 0.533161 0.516553 0.004796 0.015632
2 0.547549 0.522237 0.014388 0.018474
2 0.564735 0.524369 0.013589 0.022737
2 0.584319 0.526500 0.019184 0.021316
2 0.602704 0.525790 0.014388 0.025579
2 0.496392 0.515132 0.015987 0.024158
2 0.339321 0.535737 0.047161 0.085263
2 0.274174 0.538579 0.126296 0.142105
2 0.189044 0.559184 0.143082 0.143526
2 0.627752 0.531583 0.012252 0.025798
2 0.642671 0.532895 0.020783 0.034105
0 0.707418 0.540000 0.014388 0.036947
0 0.838510 0.537869 0.012789 0.032684
2 0.064347 0.581565 0.125497 0.238029
2 0.434443 0.542842 0.071141 0.093789
2 0.674645 0.545684 0.049559 0.082421
2 0.791749 0.571263 0.096720 0.088105
