2 0.431944 0.552421 0.038232 0.063281
2 0.491270 0.539531 0.090967 0.079687
2 0.659361 0.524297 0.036914 0.030469
2 0.605308 0.547734 0.145019 0.100781
2 0.706162 0.525468 0.043506 0.042187
2 0.792515 0.521953 0.042187 0.053906
4 0.752305 0.526640 0.059326 0.077344
4 0.856455 0.537187 0.119971 0.089062
2 0.121470 0.567656 0.039551 0.075000
2 0.067418 0.591093 0.113379 0.140625
2 0.009319 0.565312 0.018638 0.117187
2 0.956650 0.534843 0.085693 0.103125
2 0.210459 0.678984 0.230713 0.321094
2 0.298130 0.547734 0.029004 0.030469
