0 0.887437 0.425859 0.071191 0.330469
0 0.981040 0.436406 0.036914 0.379687
2 0.482041 0.305156 0.019775 0.018750
2 0.476109 0.319219 0.013184 0.028125
2 0.470176 0.326250 0.014502 0.051562
2 0.447105 0.326250 0.039551 0.079687
2 0.546641 0.316875 0.019775 0.037500
2 0.516978 0.307500 0.036914 0.032812
2 0.105650 0.357890 0.081738 0.086719
3 0.571030 0.306328 0.034277 0.138281
2 0.403599 0.343828 0.076465 0.110156
2 0.505772 0.376640 0.080420 0.124219
2 0.255284 0.401250 0.230713 0.267187
2 0.024480 0.364922 0.048961 0.114844
4 0.645518 0.298125 0.148975 0.276562
