2 0.433284 0.510782 0.017995 0.023460
2 0.414090 0.508649 0.015595 0.027725
2 0.387098 0.507583 0.038389 0.038389
2 0.335513 0.516113 0.055184 0.059716
2 0.298324 0.519312 0.031191 0.053317
2 0.272532 0.521445 0.037189 0.057583
2 0.120177 0.527843 0.049185 0.083175
2 0.169362 0.549170 0.171549 0.147156
2 0.011203 0.566232 0.022406 0.147156
2 0.517859 0.511848 0.007198 0.025592
2 0.534654 0.520379 0.014396 0.025592
2 0.507662 0.506516 0.017995 0.040521
2 0.499264 0.516113 0.020394 0.051185
2 0.469273 0.537440 0.065980 0.110900
2 0.592836 0.511848 0.116365 0.209005
