2 0.381854 0.423943 0.012236 0.017674
2 0.394090 0.416465 0.013765 0.016314
2 0.371148 0.422583 0.015295 0.020393
2 0.358148 0.420544 0.016824 0.021752
2 0.342853 0.441616 0.016824 0.039426
2 0.363883 0.434819 0.023707 0.028550
2 0.397913 0.440937 0.032119 0.040785
2 0.416358 0.419184 0.020065 0.019033
2 0.330210 0.465227 0.026001 0.059819
2 0.440920 0.423392 0.019883 0.016314
2 0.460803 0.422713 0.024471 0.017674
2 0.486804 0.446504 0.038236 0.059819
2 0.508981 0.460099 0.052002 0.062538
2 0.415302 0.460099 0.029824 0.062538
2 0.398478 0.453981 0.028295 0.053021
2 0.361170 0.445552 0.024908 0.032978
3 0.292181 0.414458 0.091003 0.046224
2 0.222779 0.502361 0.221006 0.169940
2 0.449689 0.460740 0.061943 0.082931
2 0.576483 0.455341 0.091304 0.088369
0 0.122994 0.491012 0.019118 0.058459
0 0.065948 0.488066 0.019118 0.087009
0 0.014711 0.513217 0.019118 0.074773
