2 0.457089 0.558215 0.011193 0.013776
2 0.451062 0.559745 0.007749 0.016837
2 0.445896 0.562041 0.009471 0.018367
2 0.440300 0.566633 0.010332 0.018367
2 0.431690 0.570459 0.010332 0.019898
2 0.423081 0.572755 0.012054 0.018367
2 0.415762 0.575051 0.012915 0.022959
2 0.407153 0.577347 0.014636 0.024490
2 0.399404 0.579643 0.018080 0.029082
2 0.386489 0.581174 0.018080 0.038265
2 0.365912 0.585766 0.030995 0.050510
2 0.331043 0.585766 0.054241 0.062755
2 0.496091 0.558215 0.006888 0.010714
2 0.500826 0.559745 0.009471 0.013776
2 0.504270 0.562806 0.007749 0.016837
2 0.521059 0.572755 0.013776 0.018367
2 0.528808 0.577347 0.013776 0.024490
2 0.590797 0.572755 0.032717 0.036735
2 0.595533 0.596480 0.026690 0.065816
2 0.628680 0.598776 0.067156 0.091837
2 0.655370 0.617143 0.061990 0.101020
2 0.737421 0.626021 0.149809 0.157653
2 0.855373 0.661225 0.203189 0.225000
2 0.286272 0.600766 0.073182 0.082653
2 0.509909 0.567092 0.013776 0.015306
2 0.487524 0.551786 0.008610 0.009184
2 0.555110 0.598470 0.068017 0.075000
2 0.941236 0.686728 0.112787 0.296939
