2 0.492475 0.568240 0.012054 0.015306
2 0.502376 0.572832 0.007749 0.021429
2 0.506681 0.575128 0.007749 0.029082
2 0.511847 0.575128 0.006027 0.032143
2 0.517443 0.577424 0.008610 0.036735
2 0.524331 0.575893 0.015497 0.039796
2 0.532510 0.580485 0.014636 0.042857
2 0.545424 0.579834 0.024968 0.053801
2 0.571253 0.595026 0.030134 0.065816
2 0.466430 0.563648 0.007749 0.015306
2 0.459112 0.565944 0.006888 0.010714
4 0.400781 0.559694 0.033578 0.055102
2 0.476805 0.569541 0.015497 0.022959
2 0.445552 0.567857 0.019802 0.024490
2 0.392516 0.579337 0.016358 0.032143
2 0.380032 0.582398 0.012054 0.032143
2 0.367548 0.581633 0.016358 0.039796
2 0.352481 0.586225 0.015497 0.042857
2 0.326652 0.596174 0.041327 0.059694
2 0.288769 0.601531 0.037883 0.067347
2 0.230924 0.597704 0.076626 0.139286
2 0.096371 0.654182 0.192480 0.201840
2 0.913076 0.733725 0.169611 0.122551
2 0.620587 0.602296 0.098151 0.108674
2 0.576870 0.587947 0.037924 0.071411
