2 0.520060 0.660270 0.209584 0.287677
2 0.660920 0.587484 0.132574 0.152503
3 0.540531 0.493903 0.053614 0.069320
2 0.589271 0.556290 0.030219 0.048524
2 0.430865 0.551958 0.031194 0.074519
2 0.459622 0.507767 0.036068 0.017330
2 0.212508 0.553691 0.031194 0.046791
0 0.272946 0.544159 0.017547 0.069320
0 0.338746 0.542426 0.012673 0.058922
0 0.289031 0.547625 0.012673 0.062388
0 0.302678 0.536361 0.010723 0.025995
0 0.346544 0.537227 0.010723 0.051990
0 0.378713 0.535494 0.004874 0.038126
0 0.388461 0.532895 0.004874 0.029461
0 0.400646 0.527696 0.005849 0.032927
