2 0.432326 0.461329 0.009177 0.016314
2 0.378795 0.472885 0.012236 0.017674
2 0.294675 0.479003 0.036707 0.051662
2 0.267145 0.474245 0.035177 0.072054
2 0.219326 0.474245 0.075754 0.093807
2 0.166537 0.485367 0.078767 0.092447
2 0.102937 0.496563 0.105532 0.108082
2 0.506031 0.464955 0.011471 0.024471
2 0.604108 0.460876 0.019501 0.024471
2 0.581166 0.470053 0.047031 0.026511
2 0.882114 0.465974 0.029824 0.042825
2 0.859746 0.468014 0.030971 0.042825
2 0.835657 0.470053 0.035560 0.046903
2 0.798376 0.473112 0.057355 0.053021
2 0.042912 0.501598 0.085823 0.148867
2 0.018807 0.677172 0.037613 0.298256
2 0.530427 0.467566 0.047934 0.031395
2 0.447353 0.465003 0.011353 0.015698
2 0.461469 0.476910 0.029013 0.040365
2 0.413535 0.474667 0.031535 0.044850
2 0.345419 0.497093 0.079469 0.103156
