2 0.554370 0.318750 0.010547 0.021094
2 0.560962 0.329297 0.005273 0.023437
2 0.567553 0.331640 0.007910 0.028125
2 0.574145 0.336328 0.013184 0.028125
2 0.585351 0.337500 0.009229 0.039844
2 0.593920 0.341015 0.013184 0.037500
2 0.603149 0.339844 0.013184 0.039844
2 0.610400 0.344531 0.011865 0.039844
2 0.485156 0.316406 0.009229 0.039844
2 0.498340 0.302344 0.011865 0.016406
2 0.514160 0.318750 0.006592 0.030469
2 0.525366 0.321094 0.010547 0.030469
2 0.475927 0.323437 0.014502 0.035156
2 0.461425 0.325781 0.014502 0.030469
2 0.444946 0.336328 0.021094 0.060937
2 0.406714 0.337500 0.055371 0.114844
2 0.543823 0.345703 0.026367 0.046875
2 0.635449 0.362109 0.043506 0.051562
2 0.520092 0.357422 0.023730 0.032812
2 0.501635 0.328125 0.021094 0.030469
0 0.049043 0.317812 0.017930 0.084375
0 0.026895 0.313125 0.015820 0.090000
