2 0.316406 0.519643 0.037969 0.037500
2 0.276328 0.527143 0.025312 0.041250
2 0.261562 0.533705 0.031641 0.039375
2 0.493066 0.519643 0.017930 0.041250
2 0.660782 0.550957 0.090703 0.101250
2 0.739884 0.576269 0.128672 0.114375
2 0.228867 0.536250 0.040078 0.037500
2 0.162422 0.542812 0.071719 0.065625
2 0.458262 0.540937 0.055898 0.095625
2 0.538945 0.522187 0.037969 0.050625
2 0.879609 0.620625 0.213047 0.187500
2 0.030059 0.570937 0.060117 0.099375
2 0.982324 0.674551 0.032695 0.121875
2 0.391699 0.513301 0.015820 0.024375
