2 0.570000 0.348320 0.005618 0.028298
2 0.586386 0.349152 0.025281 0.036621
2 0.600431 0.355811 0.015918 0.056597
2 0.615412 0.360805 0.021536 0.063255
2 0.635778 0.369128 0.034645 0.083231
2 0.676743 0.371625 0.085207 0.098212
2 0.521263 0.357725 0.008427 0.008323
2 0.512368 0.361054 0.009363 0.011652
2 0.502068 0.366048 0.011236 0.014982
2 0.492236 0.371874 0.012172 0.019975
2 0.482405 0.375204 0.014982 0.026634
2 0.470700 0.381862 0.021536 0.033292
2 0.452910 0.396843 0.021536 0.036621
2 0.425288 0.405999 0.035581 0.054932
2 0.401879 0.425142 0.048690 0.059926
2 0.336709 0.467589 0.073035 0.091554
2 0.088338 0.603144 0.174160 0.276326
2 0.855209 0.251929 0.129154 0.163701
