2 0.396474 0.419211 0.023980 0.049737
2 0.374991 0.430757 0.034971 0.058618
2 0.352510 0.445855 0.047961 0.067500
2 0.149677 0.549770 0.109910 0.133224
2 0.638275 0.344605 0.031974 0.056842
2 0.640773 0.351711 0.018984 0.049737
2 0.665252 0.347270 0.031974 0.083487
2 0.475908 0.396118 0.016986 0.021316
2 0.307047 0.470724 0.080933 0.085263
2 0.503386 0.376579 0.037969 0.049737
2 0.705220 0.343717 0.075937 0.097697
2 0.051258 0.605724 0.100917 0.131447
2 0.914547 0.352599 0.166863 0.204276
2 0.544352 0.365921 0.015987 0.017763
2 0.557590 0.358729 0.011698 0.017330
