2 0.038170 0.477806 0.029273 0.026020
2 0.246524 0.480102 0.008610 0.012245
2 0.268910 0.480868 0.008610 0.010714
2 0.298183 0.478572 0.010332 0.009184
3 0.314971 0.478572 0.012915 0.021429
2 0.336065 0.486225 0.008610 0.018367
2 0.326595 0.485459 0.010332 0.019898
2 0.347258 0.489286 0.017219 0.033673
2 0.366199 0.488521 0.024107 0.047449
2 0.392028 0.494643 0.043048 0.068878
2 0.206489 0.477041 0.019802 0.021429
2 0.170329 0.470153 0.024968 0.026020
2 0.133307 0.472449 0.031856 0.027551
2 0.408100 0.503061 0.058546 0.070408
2 0.740864 0.519898 0.162723 0.094898
2 0.889382 0.509184 0.184248 0.101020
2 0.900574 0.541837 0.196301 0.134694
2 0.984949 0.472194 0.027551 0.026020
