2 0.299524 0.493365 0.019194 0.029858
2 0.279130 0.498696 0.011996 0.019194
2 0.267133 0.494431 0.009597 0.023460
2 0.261135 0.495497 0.014396 0.025592
2 0.247339 0.497630 0.020394 0.029858
2 0.234143 0.506161 0.037189 0.042654
2 0.213749 0.511493 0.027592 0.049052
2 0.172961 0.508293 0.068380 0.106635
2 0.151967 0.529620 0.050385 0.102370
2 0.106981 0.541350 0.101970 0.151422
2 0.041194 0.542417 0.082388 0.264455
2 0.324116 0.491232 0.010797 0.029858
2 0.340911 0.492298 0.027592 0.036256
4 0.384098 0.495497 0.053984 0.085308
2 0.426086 0.516824 0.075578 0.123697
2 0.474072 0.531753 0.089973 0.140758
2 0.579041 0.536019 0.208738 0.243128
