2 0.309729 0.490040 0.011959 0.014882
2 0.290596 0.493228 0.011959 0.017008
2 0.275049 0.492165 0.021526 0.023386
2 0.248740 0.494291 0.023917 0.023386
2 0.194926 0.496417 0.026309 0.031890
2 0.172205 0.498543 0.028701 0.036142
2 0.150679 0.497480 0.033484 0.038268
2 0.131545 0.500669 0.026309 0.040394
2 0.099855 0.502795 0.051422 0.053150
2 0.028701 0.513213 0.057402 0.074835
2 0.350389 0.493228 0.019134 0.025512
2 0.382677 0.500669 0.028701 0.040394
2 0.441955 0.519803 0.073112 0.082913
2 0.321853 0.486213 0.011959 0.023386
