2 0.180279 0.503597 0.047748 0.066929
2 0.267729 0.496835 0.020201 0.031016
2 0.335678 0.497068 0.022037 0.037545
2 0.427042 0.497884 0.026629 0.045707
2 0.454130 0.494619 0.031220 0.058767
2 0.475708 0.497884 0.043157 0.071826
2 0.505091 0.506046 0.059685 0.081620
2 0.546412 0.516890 0.083559 0.109371
2 0.638475 0.532981 0.135898 0.138755
2 0.059532 0.501693 0.050503 0.081620
2 0.114389 0.498028 0.053702 0.077556
2 0.230768 0.486870 0.057848 0.112636
2 0.299176 0.499113 0.049584 0.071826
2 0.371716 0.492583 0.058767 0.081620
2 0.847718 0.560144 0.303735 0.301627
