2 0.073669 0.443202 0.035177 0.035347
2 0.040021 0.443202 0.029060 0.027190
2 0.097758 0.452039 0.034413 0.047583
2 0.139053 0.460876 0.058884 0.067976
2 0.006842 0.432353 0.013684 0.048943
2 0.536184 0.489912 0.009177 0.017674
2 0.512095 0.492631 0.016059 0.020393
2 0.556285 0.488552 0.009177 0.012236
2 0.591080 0.494670 0.011471 0.019033
2 0.573491 0.490591 0.026765 0.038066
2 0.218384 0.460682 0.131533 0.095166
2 0.707373 0.509139 0.017589 0.025831
2 0.869591 0.510159 0.042634 0.027190
2 0.945969 0.530211 0.106297 0.110121
2 0.768447 0.507613 0.109356 0.119637
2 0.651062 0.506934 0.105532 0.148187
