2 0.485597 0.565272 0.021050 0.026335
2 0.481699 0.567351 0.014813 0.024949
2 0.470784 0.572895 0.024169 0.044353
2 0.466886 0.577746 0.019491 0.040195
2 0.444666 0.579132 0.043660 0.067916
2 0.532116 0.568044 0.013254 0.029107
2 0.517303 0.568737 0.019491 0.030493
2 0.537704 0.571509 0.018711 0.030493
2 0.550308 0.573588 0.024169 0.031879
5 0.565511 0.596458 0.020271 0.047125
5 0.573307 0.600616 0.020271 0.049897
5 0.579545 0.604774 0.029627 0.052669
5 0.586172 0.609625 0.025728 0.048511
2 0.386193 0.667146 0.179318 0.238398
2 0.041069 0.606160 0.081083 0.116427
2 0.848522 0.681699 0.230775 0.320174
2 0.924538 0.709420 0.150472 0.436601
