2 0.509825 0.663216 0.013647 0.019063
2 0.501051 0.664082 0.013647 0.031194
2 0.491791 0.669281 0.014622 0.041592
2 0.480093 0.669281 0.024370 0.048524
2 0.443050 0.687478 0.030219 0.053723
2 0.454748 0.675347 0.055564 0.064121
2 0.402108 0.695276 0.073111 0.100514
2 0.346057 0.722138 0.087733 0.116110
2 0.271971 0.754198 0.146221 0.173299
2 0.553691 0.656284 0.011698 0.025995
2 0.561489 0.663216 0.013647 0.039859
2 0.574162 0.674480 0.025345 0.079718
2 0.589759 0.680546 0.025345 0.091849
2 0.605843 0.695276 0.041917 0.135173
2 0.641424 0.709140 0.089682 0.183697
2 0.757913 0.770661 0.248576 0.341399
2 0.125750 0.807054 0.251500 0.341399
2 0.863192 0.814853 0.271971 0.363928
