2 0.490300 0.450680 0.007647 0.012236
2 0.487623 0.498943 0.008412 0.019033
2 0.496800 0.497583 0.008412 0.010876
2 0.498330 0.509139 0.011471 0.012236
2 0.499477 0.521375 0.010706 0.025831
2 0.507506 0.523414 0.011471 0.024471
2 0.471564 0.517296 0.014530 0.020393
2 0.545743 0.524773 0.013000 0.024471
2 0.556067 0.529532 0.016824 0.023112
2 0.565626 0.532251 0.017589 0.025831
2 0.403121 0.511858 0.059649 0.044864
2 0.302177 0.532931 0.091767 0.070695
2 0.698579 0.566918 0.054296 0.067976
2 0.743698 0.575755 0.081826 0.088369
2 0.832024 0.585272 0.156005 0.140030
2 0.524713 0.533125 0.036707 0.046224
2 0.588185 0.534484 0.036707 0.046224
2 0.109575 0.513218 0.219149 0.392900
2 0.937939 0.623338 0.123121 0.216163
0 0.232532 0.505934 0.006883 0.024471
