2 0.455685 0.441413 0.014825 0.029284
2 0.491100 0.437808 0.016472 0.013290
2 0.470098 0.431896 0.009060 0.019035
2 0.887260 0.475822 0.146604 0.133243
2 0.360969 0.457519 0.009883 0.020499
2 0.342849 0.456055 0.032945 0.038069
2 0.335848 0.472893 0.035416 0.048319
2 0.319788 0.479482 0.034592 0.058568
2 0.294668 0.486071 0.046946 0.071746
2 0.582934 0.437268 0.030474 0.026851
2 0.478334 0.454591 0.015649 0.023427
2 0.246486 0.490464 0.085656 0.101030
2 0.409562 0.506570 0.118601 0.180098
2 0.054059 0.555621 0.108118 0.231345
2 0.960150 0.499249 0.076596 0.139100
4 0.540517 0.447270 0.082362 0.064425
0 0.491637 0.456587 0.012871 0.056163
