2 0.431176 0.540893 0.048899 0.021754
2 0.390101 0.544577 0.060844 0.054083
2 0.307036 0.540803 0.121667 0.103233
2 0.108207 0.563059 0.060659 0.075362
2 0.014278 0.488823 0.014346 0.015302
2 0.186906 0.581486 0.118593 0.122418
2 0.478820 0.546671 0.160246 0.042825
2 0.520889 0.553699 0.035614 0.053241
2 0.624122 0.590598 0.099753 0.053187
2 0.724471 0.611928 0.071120 0.075453
2 0.023668 0.513730 0.027389 0.039371
2 0.970661 0.635490 0.053209 0.069555
2 0.823198 0.614173 0.045226 0.059834
2 0.835294 0.628197 0.031553 0.080402
2 0.788708 0.619066 0.009177 0.028550
