2 0.379688 0.471044 0.019121 0.024281
2 0.344860 0.464973 0.015024 0.031565
2 0.331885 0.463759 0.016389 0.043705
2 0.312082 0.457689 0.034145 0.050989
2 0.293643 0.464973 0.035510 0.065558
2 0.257450 0.462545 0.058729 0.075270
2 0.220574 0.467401 0.045071 0.084982
2 0.395394 0.471044 0.017755 0.019424
2 0.424759 0.468615 0.010926 0.019424
2 0.440465 0.472258 0.015024 0.031565
2 0.107214 0.531745 0.214428 0.388490
2 0.462727 0.458903 0.038242 0.082554
2 0.501652 0.458903 0.080581 0.111691
2 0.936624 0.447484 0.123225 0.128055
