3 0.326764 0.355711 0.172089 0.157824
2 0.802944 0.353040 0.028681 0.033993
2 0.769482 0.348184 0.027316 0.024281
2 0.708022 0.354254 0.013658 0.021853
2 0.680706 0.355468 0.030047 0.029137
2 0.633587 0.361538 0.031413 0.036421
2 0.600808 0.359110 0.031413 0.036421
2 0.533202 0.367608 0.038242 0.043705
2 0.578273 0.363966 0.038242 0.031565
2 0.484717 0.376106 0.042339 0.050989
2 0.449206 0.374892 0.061460 0.063130
2 0.900598 0.353040 0.090142 0.116547
2 0.959804 0.359179 0.077850 0.128687
2 0.733084 0.370279 0.050534 0.063130
