2 0.728425 0.399455 0.012673 0.017330
2 0.715753 0.392523 0.010723 0.020796
2 0.704542 0.392523 0.013647 0.027728
2 0.699668 0.399455 0.017547 0.031194
2 0.683097 0.402054 0.033143 0.046791
2 0.642155 0.414185 0.025345 0.077985
2 0.597801 0.423716 0.088708 0.124775
2 0.758157 0.399455 0.015597 0.017330
2 0.766443 0.405520 0.020471 0.025995
2 0.803485 0.403787 0.063363 0.077985
2 0.813721 0.429782 0.037043 0.064121
2 0.837604 0.441913 0.045816 0.109178
2 0.860512 0.441046 0.076035 0.114377
2 0.936313 0.451733 0.123801 0.263415
2 0.988943 0.586618 0.016572 0.136906
