2 0.070623 0.601406 0.141246 0.393750
2 0.163658 0.468750 0.065918 0.060937
2 0.242100 0.463281 0.069873 0.081250
2 0.363208 0.451953 0.040869 0.044531
2 0.392212 0.443750 0.017139 0.023437
2 0.400122 0.442578 0.014502 0.021094
2 0.414624 0.441406 0.014502 0.023437
2 0.435058 0.441406 0.010547 0.023437
2 0.473291 0.432031 0.013184 0.023437
2 0.481860 0.429687 0.009229 0.037500
2 0.518115 0.445312 0.071191 0.117187
2 0.562280 0.434765 0.027686 0.025781
2 0.615014 0.434375 0.017139 0.028125
2 0.642041 0.434375 0.018457 0.028125
2 0.626220 0.430859 0.013184 0.021094
2 0.582055 0.429687 0.011865 0.018750
2 0.593261 0.432031 0.013184 0.023437
2 0.657861 0.435547 0.007910 0.021094
2 0.673022 0.436718 0.019775 0.023437
