2 0.487974 0.432890 0.026367 0.021094
2 0.469517 0.434062 0.021094 0.037500
2 0.459629 0.442265 0.019775 0.030469
2 0.429307 0.442265 0.014502 0.025781
2 0.424693 0.446953 0.021094 0.030469
2 0.416783 0.453984 0.015820 0.030469
2 0.406236 0.455156 0.018457 0.032812
2 0.396348 0.457500 0.019775 0.032812
2 0.389097 0.459843 0.023730 0.046875
2 0.379869 0.463359 0.029004 0.044531
4 0.335704 0.461015 0.080420 0.058594
2 0.712095 0.441093 0.031641 0.046875
2 0.128062 0.487968 0.102832 0.075000
0 0.837339 0.434062 0.018457 0.070312
0 0.814268 0.436406 0.017139 0.070312
2 0.528184 0.432890 0.022412 0.035156
2 0.607285 0.552421 0.193799 0.292969
2 0.044915 0.557109 0.089830 0.152344
2 0.889414 0.439922 0.027686 0.044531
2 0.940690 0.458376 0.116977 0.116110
