2 0.548385 0.399384 0.016381 0.024961
2 0.557161 0.400424 0.015211 0.022881
2 0.566521 0.401464 0.012871 0.029122
2 0.575882 0.408745 0.017551 0.043683
2 0.590508 0.420185 0.023401 0.041602
2 0.609229 0.426426 0.025742 0.070724
2 0.676508 0.436826 0.118177 0.158089
2 0.510943 0.399384 0.011701 0.020801
2 0.499827 0.399384 0.010531 0.024961
2 0.486371 0.403544 0.014041 0.033282
2 0.479351 0.406664 0.014041 0.027042
2 0.469990 0.411865 0.014041 0.033282
2 0.460045 0.413945 0.019891 0.037442
2 0.448344 0.417065 0.017551 0.039522
2 0.433718 0.418105 0.028082 0.037442
2 0.412072 0.430586 0.031592 0.041602
2 0.355909 0.457627 0.073714 0.108166
2 0.816331 0.501310 0.238694 0.253775
2 0.524399 0.405624 0.015211 0.020801
