0 0.223106 0.442027 0.025742 0.052003
0 0.224276 0.456587 0.021061 0.052003
2 0.109609 0.589715 0.217633 0.347381
2 0.499827 0.480509 0.047973 0.099846
2 0.592848 0.440986 0.018721 0.033282
2 0.583487 0.447227 0.023401 0.037442
2 0.656032 0.423305 0.016381 0.018721
2 0.672998 0.426426 0.017551 0.020801
2 0.681188 0.444107 0.033932 0.039522
2 0.788249 0.469068 0.023401 0.056163
2 0.847338 0.488829 0.099456 0.137288
2 0.909937 0.671880 0.177851 0.536672
2 0.553065 0.475309 0.065524 0.085285
2 0.630290 0.488829 0.091265 0.162250
2 0.742032 0.481549 0.099456 0.135208
2 0.342453 0.536672 0.287837 0.332820
