4 0.063521 0.328378 0.127041 0.321081
4 0.859836 0.389493 0.279322 0.322905
4 0.663222 0.378547 0.154954 0.209797
2 0.141921 0.415034 0.029759 0.056554
2 0.178864 0.400439 0.101592 0.089392
2 0.205544 0.386757 0.093383 0.080270
2 0.402058 0.396790 0.028733 0.063851
2 0.385126 0.394054 0.013340 0.032838
2 0.446184 0.398615 0.061571 0.129527
2 0.320477 0.462688 0.148796 0.183814
0 0.544184 0.404088 0.011288 0.049257
0 0.506431 0.391875 0.010547 0.032812
0 0.497862 0.391875 0.009229 0.042187
4 0.292198 0.367265 0.069873 0.030469
4 0.393711 0.362578 0.030322 0.049219
2 0.358116 0.369609 0.017139 0.021094
