2 0.429722 0.486849 0.011531 0.014642
2 0.405425 0.483189 0.005765 0.013178
2 0.317298 0.463422 0.010707 0.014642
2 0.327182 0.467082 0.009060 0.010249
2 0.442488 0.485385 0.014001 0.017570
2 0.415309 0.483921 0.015649 0.029284
2 0.315239 0.489045 0.018120 0.024892
2 0.155046 0.499295 0.022238 0.042462
2 0.136103 0.509544 0.046946 0.062961
2 0.016781 0.533704 0.033562 0.073210
2 0.070213 0.532240 0.122719 0.117137
2 0.241937 0.509544 0.047770 0.045390
2 0.295884 0.486117 0.028827 0.036605
2 0.185520 0.502955 0.050241 0.052711
4 0.218053 0.474403 0.041181 0.086388
4 0.252644 0.461225 0.024709 0.021963
