2 0.437483 0.573886 0.011482 0.023135
2 0.411456 0.576608 0.013013 0.020413
2 0.372415 0.584093 0.026792 0.040827
2 0.356723 0.590217 0.018372 0.047631
2 0.341413 0.594299 0.035213 0.061240
2 0.314620 0.601784 0.048992 0.070766
2 0.294334 0.618115 0.039040 0.070766
2 0.489077 0.575928 0.009951 0.019052
2 0.497115 0.577288 0.007655 0.021774
2 0.508980 0.574567 0.022199 0.035383
2 0.510129 0.577288 0.013779 0.029940
2 0.511277 0.582732 0.014544 0.032661
2 0.517018 0.584093 0.015310 0.038105
2 0.526587 0.588175 0.020668 0.048992
2 0.539983 0.594299 0.027558 0.055796
2 0.549169 0.597702 0.032151 0.070766
2 0.241132 0.624194 0.096453 0.119758
2 0.464530 0.610585 0.060474 0.103427
2 0.571317 0.606502 0.055116 0.076210
2 0.424724 0.580645 0.026792 0.038105
