0 0.728181 0.530295 0.033143 0.142105
1 0.676517 0.496502 0.021446 0.060655
5 0.674567 0.524230 0.035093 0.043325
0 0.581960 0.487837 0.015597 0.077985
2 0.021933 0.564955 0.043866 0.211425
2 0.041429 0.499102 0.038018 0.041592
4 0.099430 0.484371 0.060438 0.081451
2 0.066774 0.509500 0.014622 0.027728
2 0.119414 0.499968 0.039967 0.036393
2 0.159868 0.493903 0.037043 0.031194
2 0.193499 0.496502 0.022421 0.025995
2 0.216407 0.493036 0.023395 0.022529
2 0.201298 0.474840 0.020471 0.013864
2 0.222744 0.475706 0.012673 0.012131
2 0.241752 0.515565 0.050690 0.064121
2 0.343132 0.504301 0.033143 0.045058
2 0.364578 0.499102 0.015597 0.034660
2 0.376276 0.493036 0.007798 0.025995
2 0.381150 0.482638 0.011698 0.019063
2 0.363603 0.474840 0.013647 0.010398
2 0.291468 0.527696 0.076035 0.091849
2 0.406007 0.505167 0.045816 0.074519
0 0.485033 0.503342 0.012013 0.047288
2 0.513348 0.484274 0.017161 0.027458
