2 0.913725 0.668358 0.060246 0.064760
2 0.338356 0.549216 0.018214 0.022417
2 0.403506 0.546725 0.011208 0.047325
3 0.376885 0.534271 0.042032 0.072232
4 0.518626 0.554198 0.046235 0.062269
2 0.446939 0.560425 0.084064 0.134502
2 0.589380 0.594465 0.030823 0.049816
2 0.621604 0.599447 0.047636 0.064760
2 0.686053 0.607334 0.106481 0.122048
2 0.795336 0.647187 0.179336 0.186808
2 0.070754 0.513930 0.074256 0.088007
4 0.147111 0.518496 0.072855 0.087177
2 0.019615 0.519327 0.039230 0.072232
2 0.234678 0.526176 0.049037 0.039852
2 0.299827 0.534894 0.044834 0.032380
