2 0.122129 0.435234 0.098877 0.096094
2 0.197276 0.417656 0.072510 0.107812
2 0.437876 0.437578 0.015820 0.035156
2 0.453037 0.429375 0.017139 0.037500
2 0.468858 0.436406 0.017139 0.023437
1 0.479405 0.442265 0.017139 0.049219
6 0.480064 0.459843 0.015820 0.056250
2 0.501817 0.449297 0.019775 0.030469
2 0.545982 0.450468 0.047461 0.075000
2 0.585532 0.466875 0.076465 0.117187
2 0.414805 0.449297 0.046143 0.063281
2 0.040960 0.438750 0.081919 0.117187
3 0.067327 0.362578 0.134654 0.100781
2 0.843931 0.543046 0.311133 0.382031
