0 0.475706 0.356996 0.015597 0.083184
0 0.498127 0.367394 0.011698 0.065854
2 0.102842 0.424583 0.203735 0.249551
2 0.966522 0.480905 0.065312 0.136906
2 0.977732 0.389057 0.040942 0.046791
2 0.849058 0.435847 0.167667 0.133440
2 0.719408 0.410719 0.109178 0.086650
2 0.639474 0.394256 0.077985 0.060655
2 0.586347 0.372593 0.057514 0.045058
2 0.529808 0.366528 0.028269 0.036393
2 0.679441 0.362195 0.044841 0.031194
2 0.883663 0.370860 0.077010 0.034660
2 0.548817 0.346598 0.042892 0.017330
2 0.474244 0.348331 0.032169 0.038126
2 0.451823 0.341399 0.020471 0.024262
2 0.432815 0.336200 0.013647 0.024262
2 0.416243 0.332734 0.015597 0.020796
2 0.404545 0.330135 0.009748 0.015597
2 0.281719 0.314538 0.009748 0.015597
2 0.226155 0.307606 0.007798 0.015597
2 0.237366 0.308473 0.008773 0.013864
2 0.251988 0.311939 0.008773 0.010398
2 0.015597 0.291143 0.027295 0.020796
2 0.038992 0.294609 0.019496 0.013864
