2 0.148248 0.485800 0.165604 0.173898
2 0.510345 0.485800 0.117553 0.195254
4 0.824392 0.520884 0.282299 0.283729
2 0.691394 0.479698 0.059205 0.140339
2 0.637337 0.469783 0.083231 0.111356
2 0.257220 0.455291 0.083231 0.118983
2 0.388931 0.430884 0.039470 0.048814
2 0.415102 0.429359 0.016303 0.036610
2 0.437411 0.420969 0.016303 0.025932
2 0.452856 0.415630 0.014587 0.024407
2 0.465727 0.413342 0.011155 0.016780
2 0.577273 0.430122 0.035180 0.053390
2 0.967686 0.418681 0.059205 0.045763
2 0.948380 0.408766 0.075508 0.041186
