2 0.173378 0.572034 0.097116 0.095686
2 0.343623 0.561634 0.070204 0.091525
2 0.751392 0.533552 0.076055 0.089445
2 0.418507 0.530432 0.014041 0.020801
2 0.481106 0.532512 0.010531 0.012481
2 0.299745 0.553313 0.036272 0.058243
2 0.392181 0.540832 0.033932 0.041602
2 0.435473 0.531472 0.012871 0.018721
2 0.704589 0.523151 0.054993 0.064484
2 0.673583 0.527312 0.032762 0.047843
2 0.647841 0.532512 0.035102 0.041602
2 0.620929 0.528352 0.035102 0.049923
2 0.446004 0.532512 0.008190 0.016641
2 0.454779 0.528352 0.009361 0.016641
