2 0.179365 0.528562 0.019496 0.017330
2 0.209096 0.526829 0.034118 0.024262
2 0.242727 0.525096 0.029244 0.017330
2 0.325586 0.540693 0.023395 0.072786
2 0.754501 0.524230 0.155969 0.102247
2 0.154020 0.525096 0.038992 0.031194
2 0.353855 0.537227 0.033143 0.048524
2 0.392848 0.545892 0.044841 0.055456
2 0.294879 0.539827 0.084808 0.123042
2 0.227876 0.626010 0.202302 0.201826
2 0.030219 0.575353 0.060438 0.086650
2 0.945076 0.545892 0.108204 0.149037
2 0.500076 0.722658 0.294392 0.370860
0 0.554178 0.519898 0.016572 0.048524
