3 0.244189 0.466175 0.030219 0.031194
2 0.283182 0.481772 0.030219 0.045058
2 0.302190 0.463575 0.021446 0.036393
2 0.213970 0.506900 0.043866 0.074519
2 0.158894 0.532895 0.025345 0.036393
2 0.099918 0.551958 0.094556 0.084917
2 0.259299 0.507767 0.052640 0.079718
5 0.178390 0.538960 0.044841 0.051990
1 0.172541 0.524230 0.031194 0.081451
1 0.092119 0.556290 0.024370 0.072786
5 0.096993 0.565822 0.043866 0.043325
0 0.013647 0.588351 0.023395 0.088383
2 0.369452 0.523364 0.138423 0.190629
4 0.348006 0.416785 0.076035 0.112644
2 0.654583 0.343999 0.034118 0.043325
2 0.726719 0.305007 0.016572 0.027728
2 0.764249 0.319737 0.056539 0.088383
2 0.831998 0.263415 0.014622 0.020796
2 0.807628 0.274679 0.018521 0.019063
2 0.609255 0.364795 0.037043 0.057189
2 0.575137 0.386457 0.060438 0.065854
0 0.540531 0.389057 0.014622 0.043325
0 0.518110 0.413319 0.030219 0.098781
0 0.497639 0.420250 0.032169 0.109178
0 0.468395 0.428049 0.034118 0.114377
0 0.855279 0.288881 0.026552 0.083077
