4 0.322496 0.606841 0.042339 0.118975
4 0.397614 0.645690 0.096971 0.152968
4 0.246012 0.597129 0.034145 0.065558
3 0.498682 0.682111 0.075118 0.084982
2 0.336836 0.635978 0.010926 0.026709
2 0.343665 0.638406 0.013658 0.021853
2 0.429027 0.708820 0.105165 0.138399
2 0.474098 0.793802 0.140676 0.196673
2 0.741108 0.804728 0.516266 0.383633
2 0.224159 0.768307 0.394711 0.456475
2 0.224842 0.597129 0.013658 0.021853
2 0.208453 0.609269 0.065558 0.046133
2 0.118311 0.586203 0.024584 0.058273
2 0.094410 0.582561 0.034145 0.060701
2 0.058217 0.578919 0.057363 0.067986
2 0.012588 0.580133 0.025176 0.075270
