2 0.582935 0.547625 0.140372 0.110911
2 0.506900 0.536361 0.017547 0.032927
2 0.495202 0.531162 0.015597 0.039859
2 0.482530 0.534628 0.019496 0.050257
2 0.464983 0.538960 0.037043 0.048524
2 0.424041 0.526829 0.038992 0.034660
2 0.323149 0.513884 0.082859 0.064018
2 0.217870 0.509551 0.098456 0.055353
2 0.107229 0.493903 0.101380 0.065854
2 0.038018 0.473973 0.076035 0.123042
2 0.888537 0.602215 0.045816 0.046791
2 0.805679 0.589217 0.102355 0.048524
2 0.750602 0.571887 0.023395 0.034660
2 0.775460 0.583152 0.067262 0.046791
2 0.710148 0.575353 0.065312 0.048524
2 0.932076 0.657670 0.134842 0.171566
