2 0.483554 0.528906 0.011426 0.035937
2 0.495419 0.530469 0.019336 0.045312
2 0.512997 0.546094 0.038672 0.067187
2 0.560898 0.548437 0.087012 0.121875
2 0.574960 0.568750 0.076465 0.125000
2 0.374130 0.524219 0.017578 0.026562
2 0.357870 0.521875 0.014941 0.031250
2 0.344687 0.524219 0.023730 0.032812
2 0.329745 0.525000 0.013184 0.031250
2 0.138144 0.527344 0.062402 0.064062
2 0.072226 0.526562 0.072949 0.078125
2 0.310410 0.517187 0.027246 0.056250
2 0.296786 0.518750 0.021094 0.050000
2 0.262070 0.520312 0.048340 0.062500
2 0.465536 0.525781 0.015820 0.026562
2 0.413681 0.529687 0.026367 0.034375
2 0.721846 0.571875 0.303223 0.253125
2 0.020039 0.532031 0.038672 0.104687
2 0.863349 0.610156 0.271582 0.229687
