0 0.814939 0.840501 0.011698 0.114377
0 0.792519 0.824904 0.017547 0.110911
0 0.771560 0.817972 0.012673 0.097048
0 0.756451 0.817972 0.011698 0.090116
0 0.743291 0.808441 0.012673 0.088383
0 0.729156 0.805841 0.011698 0.093582
0 0.714047 0.808441 0.012673 0.081451
0 0.698937 0.783312 0.017547 0.048524
4 0.094069 0.557157 0.188138 0.660270
2 0.320224 0.772048 0.299266 0.448845
2 0.610230 0.845700 0.274896 0.305007
2 0.160843 0.668935 0.056539 0.183697
2 0.180339 0.616945 0.074085 0.083184
2 0.220307 0.603948 0.019496 0.029461
2 0.238341 0.607414 0.020471 0.036393
2 0.488379 0.764249 0.070186 0.124775
2 0.506900 0.710527 0.058488 0.048524
4 0.609819 0.710612 0.115848 0.089944
2 0.766199 0.764249 0.058488 0.034660
