2 0.673897 0.349452 0.012165 0.015936
2 0.663332 0.346606 0.010245 0.014798
2 0.651167 0.346037 0.011525 0.013659
2 0.635160 0.349452 0.014086 0.015936
2 0.631638 0.354005 0.013446 0.015936
2 0.620434 0.360835 0.014086 0.022766
2 0.629077 0.369372 0.023690 0.033010
2 0.698548 0.375632 0.042259 0.059191
2 0.654048 0.395552 0.053143 0.076265
2 0.577861 0.373925 0.045447 0.060329
2 0.548082 0.360835 0.020489 0.025042
2 0.482350 0.438644 0.135740 0.174157
2 0.428246 0.371486 0.033935 0.035287
2 0.172179 0.368071 0.032014 0.030734
2 0.127679 0.366933 0.046741 0.042116
2 0.081259 0.382299 0.051223 0.050084
2 0.031317 0.380592 0.029453 0.037563
0 0.355117 0.357664 0.012806 0.044393
0 0.325984 0.355387 0.013446 0.046669
0 0.962998 0.412437 0.033295 0.150253
