2 0.647051 0.434375 0.017930 0.056250
2 0.691875 0.454062 0.080156 0.129375
2 0.520137 0.454062 0.028477 0.046875
4 0.429258 0.441161 0.025312 0.056250
4 0.413437 0.448661 0.016875 0.041250
2 0.464590 0.476250 0.081211 0.114375
2 0.251016 0.484687 0.018984 0.045000
2 0.208301 0.484687 0.055898 0.060000
2 0.162949 0.490312 0.058008 0.071250
2 0.095449 0.509866 0.104414 0.084375
2 0.341342 0.516428 0.188789 0.255000
2 0.589344 0.505178 0.146602 0.236250
2 0.848797 0.631473 0.300586 0.560625
2 0.925789 0.352098 0.146602 0.069375
