2 0.144899 0.473386 0.175792 0.182835
4 0.437886 0.432284 0.034680 0.093543
2 0.298359 0.464882 0.015761 0.038268
2 0.352382 0.459567 0.019134 0.027638
2 0.387062 0.454252 0.011959 0.029764
2 0.407990 0.447874 0.013155 0.025512
2 0.418753 0.446811 0.008371 0.027638
4 0.857038 0.420236 0.282224 0.327402
2 0.688420 0.445748 0.045443 0.063780
2 0.657926 0.432992 0.034680 0.051024
2 0.638194 0.430866 0.011959 0.042520
2 0.623844 0.452126 0.021526 0.042520
2 0.599926 0.448937 0.026309 0.053150
2 0.556875 0.490394 0.093278 0.153071
2 0.465391 0.442205 0.017938 0.025512
4 0.509638 0.430512 0.013155 0.053150
2 0.248307 0.452622 0.041855 0.104173
2 0.315553 0.459765 0.018626 0.038208
