2 0.257673 0.580056 0.267418 0.270277
2 0.368382 0.503824 0.137997 0.200975
2 0.432703 0.492736 0.034304 0.109497
2 0.452974 0.495508 0.034304 0.087320
2 0.458432 0.481648 0.040542 0.070688
2 0.491177 0.478876 0.012474 0.026335
2 0.481041 0.476104 0.009356 0.023563
2 0.503651 0.482341 0.009356 0.019405
2 0.516125 0.478183 0.020271 0.027721
2 0.534447 0.478876 0.021050 0.034651
2 0.559006 0.472638 0.037423 0.060986
2 0.631513 0.494815 0.081083 0.127515
2 0.656462 0.526694 0.070168 0.152464
2 0.833441 0.519764 0.330570 0.426899
2 0.980794 0.771329 0.035864 0.275821
