2 0.018319 0.508161 0.036638 0.053491
2 0.053115 0.528174 0.101728 0.084057
2 0.210005 0.502703 0.054446 0.048396
2 0.141273 0.521406 0.068774 0.058585
2 0.318938 0.488293 0.037252 0.033113
2 0.369802 0.478104 0.032954 0.033113
4 0.412875 0.451821 0.031055 0.031490
3 0.466132 0.461887 0.031521 0.030566
2 0.502907 0.461038 0.022925 0.028019
2 0.538727 0.458491 0.031521 0.028019
2 0.578845 0.454670 0.022925 0.045849
2 0.593173 0.451274 0.014328 0.028019
2 0.611083 0.452123 0.018626 0.020377
2 0.631141 0.454670 0.015761 0.030566
2 0.654782 0.455944 0.025790 0.038208
2 0.685587 0.459765 0.032954 0.045849
2 0.711377 0.462312 0.027223 0.050943
2 0.755077 0.462312 0.063043 0.091698
2 0.817403 0.453397 0.064475 0.063679
2 0.887133 0.552736 0.222561 0.343868
2 0.343737 0.484385 0.021444 0.042608
2 0.406177 0.476536 0.037843 0.049336
