2 0.313028 0.372844 0.113049 0.152464
2 0.467397 0.368686 0.024169 0.027721
2 0.763273 0.494815 0.286910 0.271663
4 0.115777 0.382546 0.150472 0.152464
2 0.226487 0.379774 0.067829 0.088706
2 0.264690 0.329184 0.027288 0.029107
2 0.379298 0.357597 0.014813 0.041581
2 0.388263 0.361062 0.012474 0.034651
2 0.406975 0.361062 0.017152 0.023563
2 0.418670 0.354825 0.007796 0.019405
2 0.429585 0.349281 0.009356 0.013860
2 0.438940 0.346509 0.007796 0.016632
2 0.607734 0.399872 0.128642 0.159394
2 0.535616 0.381160 0.048338 0.074846
2 0.516905 0.381160 0.015593 0.052669
2 0.507549 0.379774 0.007796 0.027721
2 0.503261 0.369379 0.007017 0.034651
2 0.492736 0.367300 0.010915 0.016632
2 0.488058 0.358983 0.007796 0.013860
2 0.482601 0.351360 0.007796 0.009702
2 0.039177 0.395713 0.074456 0.181571
2 0.921541 0.447690 0.151251 0.138604
