2 0.424034 0.345553 0.022412 0.025481
2 0.407554 0.349219 0.007910 0.028125
2 0.397666 0.344531 0.011865 0.028125
2 0.391075 0.350390 0.006592 0.035156
2 0.383824 0.351562 0.010547 0.037500
2 0.366685 0.352734 0.031641 0.044531
2 0.350865 0.369140 0.023730 0.058594
2 0.454356 0.343359 0.011865 0.016406
2 0.462925 0.348047 0.007910 0.021094
2 0.469517 0.350390 0.005273 0.025781
2 0.476109 0.349219 0.007910 0.028125
2 0.484019 0.353906 0.013184 0.037500
2 0.491270 0.353906 0.014502 0.037500
2 0.503794 0.355078 0.021094 0.039844
2 0.508408 0.363281 0.019775 0.042187
2 0.512364 0.371484 0.017139 0.053906
2 0.544004 0.380859 0.067236 0.096094
2 0.989861 0.438270 0.020278 0.053318
2 0.313319 0.377488 0.065980 0.106635
