2 0.323554 0.373380 0.036581 0.033638
2 0.375903 0.375623 0.017660 0.029153
2 0.394824 0.378986 0.022706 0.022425
2 0.415007 0.382350 0.025228 0.033638
2 0.442127 0.369269 0.011353 0.022425
2 0.286973 0.359177 0.034058 0.038123
2 0.512136 0.389078 0.025228 0.038123
2 0.525802 0.392068 0.018921 0.047093
2 0.618306 0.432060 0.081992 0.103156
2 0.465674 0.374875 0.016398 0.029153
2 0.490902 0.382724 0.013876 0.026910
2 0.474504 0.401038 0.031535 0.042608
2 0.196781 0.428696 0.320401 0.172674
0 0.554184 0.448131 0.100914 0.370016
0 0.672967 0.390573 0.016398 0.087458
0 0.638068 0.375996 0.013876 0.031395
2 0.947116 0.488870 0.104698 0.152492
