2 0.090379 0.342034 0.079381 0.086713
2 0.176933 0.325032 0.021041 0.018703
2 0.177889 0.349685 0.019128 0.034005
2 0.562199 0.355069 0.088944 0.059509
2 0.687327 0.448300 0.244836 0.230101
2 0.315291 0.223583 0.105203 0.073111
2 0.292337 0.248237 0.147284 0.044207
2 0.284527 0.430164 0.255357 0.421663
3 0.026779 0.281392 0.053558 0.294144
0 0.458112 0.356628 0.009564 0.052708
0 0.450461 0.355778 0.009564 0.047607
0 0.513583 0.388083 0.013389 0.061209
0 0.497324 0.371080 0.017215 0.091814
0 0.476762 0.389783 0.025823 0.139421
0 0.439940 0.361729 0.015302 0.059509
0 0.609700 0.357478 0.012433 0.068010
2 0.853807 0.518577 0.288830 0.374056
