2 0.451823 0.426316 0.018521 0.027728
2 0.466933 0.425449 0.011698 0.025995
3 0.485454 0.415918 0.029244 0.048524
2 0.481068 0.426316 0.014622 0.027728
2 0.489354 0.420250 0.013647 0.036393
2 0.507387 0.414185 0.026320 0.031194
2 0.526396 0.429782 0.019496 0.038126
2 0.537607 0.422850 0.012673 0.051990
2 0.564414 0.421117 0.038992 0.058922
2 0.594145 0.429782 0.041917 0.062388
2 0.640936 0.425449 0.071161 0.095315
2 0.602919 0.390790 0.036068 0.012131
2 0.752064 0.401188 0.080909 0.064121
2 0.800805 0.393389 0.030219 0.031194
2 0.897798 0.387324 0.058488 0.032927
2 0.835898 0.452311 0.143297 0.142105
2 0.392848 0.427182 0.013647 0.025995
2 0.357267 0.429782 0.004874 0.020796
2 0.352880 0.429782 0.007798 0.020796
2 0.348006 0.431515 0.009748 0.020796
0 0.336796 0.427182 0.006824 0.029461
0 0.321199 0.428049 0.006824 0.031194
0 0.270997 0.430648 0.005849 0.050257
0 0.263198 0.429782 0.005849 0.055456
0 0.252475 0.433248 0.025345 0.110911
0 0.101867 0.478306 0.026320 0.187163
0 0.328998 0.429782 0.006824 0.038126
3 0.416243 0.406387 0.037043 0.081451
2 0.373351 0.430648 0.025345 0.036393
2 0.705761 0.460109 0.136473 0.164634
2 0.924605 0.500835 0.147196 0.311939
0 0.304140 0.427182 0.011698 0.057189
0 0.139885 0.471374 0.045816 0.204493
0 0.197399 0.433248 0.014622 0.069320
