2 0.544918 0.406387 0.019496 0.022529
2 0.497639 0.405520 0.006824 0.020796
2 0.443050 0.408120 0.018521 0.025995
2 0.332897 0.410719 0.038018 0.045058
2 0.288543 0.409853 0.056539 0.071053
2 0.232004 0.421117 0.060438 0.062388
2 0.136961 0.427182 0.135498 0.147304
2 0.073111 0.474410 0.146221 0.285070
0 0.390898 0.406387 0.007798 0.039859
2 0.590246 0.405520 0.024370 0.038126
2 0.620953 0.408120 0.019496 0.025995
2 0.637037 0.404654 0.012673 0.019063
4 0.657020 0.389923 0.031194 0.069320
0 0.755963 0.415052 0.010723 0.043325
2 0.472154 0.409218 0.047461 0.070312
2 0.557847 0.401015 0.013184 0.021094
