3 0.015044 0.848208 0.030088 0.168113
2 0.044416 0.876227 0.028656 0.045849
2 0.078803 0.881003 0.060177 0.075778
3 0.152592 0.858397 0.087400 0.122264
2 0.126801 0.899152 0.090265 0.091698
2 0.378595 0.939907 0.239275 0.117170
0 0.247872 0.884506 0.014328 0.058585
0 0.229962 0.879411 0.012895 0.058585
2 0.206321 0.879411 0.008597 0.043302
0 0.342077 0.869222 0.011462 0.017830
0 0.590164 0.927680 0.027223 0.142642
0 0.505056 0.927680 0.030088 0.106981
0 0.647619 0.916764 0.022925 0.093153
0 0.624694 0.934048 0.028656 0.124811
0 0.697050 0.935322 0.027223 0.127359
4 0.814162 0.882413 0.219216 0.226334
0 0.788850 0.933175 0.042984 0.129906
0 0.898696 0.937359 0.044416 0.112076
0 0.987846 0.934812 0.022126 0.122264
0 0.556422 0.915052 0.021795 0.101964
