2 0.560515 0.480905 0.042892 0.053723
2 0.579036 0.484371 0.023395 0.050257
2 0.609742 0.482638 0.057514 0.060655
2 0.640449 0.495636 0.050690 0.055456
2 0.679928 0.506034 0.067262 0.062388
2 0.889512 0.512966 0.184239 0.128241
2 0.392848 0.474840 0.015597 0.041592
2 0.408444 0.476573 0.021446 0.055456
2 0.375301 0.480039 0.021446 0.058922
2 0.347519 0.488704 0.055564 0.072786
2 0.320712 0.468774 0.015597 0.036393
2 0.305602 0.476573 0.034118 0.062388
2 0.290980 0.500835 0.055564 0.114377
2 0.053614 0.467041 0.052640 0.053723
2 0.032656 0.521631 0.065312 0.239153
2 0.173516 0.532028 0.247601 0.287677
2 0.474731 0.596149 0.200810 0.284211
