2 0.450842 0.357378 0.009567 0.027638
2 0.461604 0.355252 0.014350 0.031890
2 0.380883 0.344622 0.020330 0.031890
2 0.339028 0.342815 0.013155 0.048898
2 0.319894 0.341752 0.029897 0.051024
2 0.551294 0.377894 0.064577 0.106299
2 0.596139 0.393839 0.084907 0.138189
2 0.738448 0.407658 0.269070 0.306142
2 0.023319 0.363543 0.046639 0.218976
2 0.879816 0.475461 0.229606 0.554882
2 0.145896 0.367370 0.267874 0.289134
2 0.308534 0.351638 0.040659 0.051024
2 0.417955 0.347386 0.058597 0.097795
2 0.365337 0.352701 0.029897 0.044646
2 0.488511 0.355890 0.039464 0.055276
