2 0.213462 0.475689 0.060989 0.059528
2 0.293585 0.451240 0.034680 0.027638
2 0.373708 0.438484 0.015546 0.014882
2 0.352781 0.444862 0.019134 0.023386
2 0.557274 0.422539 0.007175 0.017008
2 0.548305 0.426791 0.010763 0.021260
2 0.561459 0.459744 0.029897 0.044646
2 0.709747 0.487382 0.068164 0.099921
2 0.489707 0.451240 0.013155 0.040394
2 0.461007 0.429980 0.013155 0.010630
2 0.472367 0.431043 0.009567 0.008504
2 0.446058 0.434232 0.016742 0.006378
2 0.453233 0.459744 0.026309 0.044646
2 0.423337 0.477815 0.055010 0.080787
2 0.624840 0.512894 0.144700 0.193465
2 0.519006 0.451240 0.052618 0.104173
2 0.974332 0.594744 0.049031 0.182835
0 0.951611 0.458681 0.020330 0.070157
