2 0.022421 0.475706 0.044841 0.084917
2 0.059463 0.468774 0.060438 0.057189
2 0.104304 0.467041 0.038992 0.046791
2 0.141347 0.462709 0.046791 0.045058
2 0.292930 0.460976 0.020471 0.027728
3 0.538581 0.450578 0.039967 0.055456
2 0.554666 0.467908 0.031194 0.038126
2 0.589271 0.472240 0.039967 0.050257
2 0.617541 0.482638 0.032169 0.064121
2 0.657508 0.489570 0.075060 0.081451
2 0.712585 0.506900 0.079934 0.077985
2 0.841259 0.609147 0.311939 0.282478
0 0.185213 0.451444 0.007798 0.022529
0 0.203247 0.447978 0.004874 0.029461
0 0.207634 0.450578 0.005849 0.024262
0 0.232979 0.450578 0.005849 0.034660
2 0.451336 0.514699 0.150120 0.249551
0 0.221769 0.447978 0.008773 0.043325
2 0.264660 0.468774 0.010723 0.050257
2 0.331435 0.447112 0.019496 0.024262
2 0.354343 0.443646 0.008773 0.020796
2 0.367990 0.447112 0.010723 0.024262
