0 0.163098 0.512332 0.019579 0.087017
0 0.140722 0.517305 0.022376 0.101934
0 0.112752 0.516062 0.022376 0.104420
0 0.067302 0.526006 0.029368 0.114365
2 0.496810 0.471133 0.016782 0.029834
2 0.477232 0.471133 0.011188 0.017403
2 0.468841 0.469889 0.011188 0.014917
2 0.461149 0.474862 0.015383 0.014917
2 0.442969 0.477348 0.015383 0.024862
2 0.429683 0.477348 0.019579 0.024862
2 0.416398 0.488536 0.026571 0.027348
2 0.339481 0.495994 0.062932 0.079558
2 0.534569 0.477348 0.025173 0.034807
2 0.547855 0.494751 0.018180 0.049724
2 0.570230 0.494751 0.034962 0.069613
2 0.577922 0.505939 0.039157 0.067127
2 0.621275 0.509668 0.075518 0.149171
2 0.720465 0.530801 0.191592 0.231215
