2 0.486176 0.387802 0.028677 0.038746
2 0.515427 0.395959 0.027530 0.063218
2 0.530912 0.405136 0.026383 0.069335
2 0.551560 0.407175 0.042442 0.081571
2 0.581958 0.419411 0.050472 0.097885
2 0.383511 0.386782 0.025236 0.032628
2 0.339922 0.416012 0.080296 0.089728
2 0.439145 0.399698 0.051619 0.065257
2 0.643327 0.431307 0.134210 0.136631
0 0.837568 0.403097 0.030971 0.179456
0 0.873702 0.405136 0.027530 0.150906
0 0.913276 0.388822 0.042442 0.183535
2 0.286008 0.386103 0.022942 0.028550
2 0.331318 0.370808 0.037854 0.034668
2 0.049707 0.395959 0.050472 0.042825
