2 0.441495 0.406783 0.014328 0.022925
2 0.456539 0.405510 0.012895 0.020377
2 0.473016 0.400415 0.020059 0.025472
2 0.419286 0.404236 0.015761 0.017830
2 0.403526 0.416972 0.018626 0.033113
2 0.389914 0.411878 0.017193 0.022925
2 0.378452 0.418246 0.022925 0.045849
2 0.521014 0.460274 0.050147 0.068774
2 0.567580 0.473010 0.071639 0.104434
2 0.244487 0.465368 0.073072 0.068774
2 0.081866 0.487019 0.160472 0.117170
2 0.656412 0.516312 0.160472 0.165566
2 0.409973 0.437349 0.025790 0.033113
2 0.443644 0.439897 0.024357 0.038208
2 0.428600 0.415698 0.017193 0.025472
2 0.473732 0.419519 0.018626 0.033113
2 0.331887 0.459000 0.107459 0.152830
0 0.982371 0.480651 0.032954 0.277642
0 0.176429 0.464095 0.028656 0.122264
0 0.268128 0.455180 0.028656 0.094245
2 0.058502 0.649509 0.115856 0.303852
