2 0.698646 0.519632 0.041337 0.050353
4 0.649271 0.493775 0.039040 0.077571
2 0.564428 0.508291 0.019903 0.039466
2 0.579355 0.513055 0.017606 0.057157
2 0.621624 0.536326 0.091171 0.140171
2 0.735338 0.527888 0.058484 0.069405
2 0.843044 0.538775 0.072722 0.066683
0 0.285225 0.503800 0.010717 0.048992
0 0.267925 0.501079 0.009186 0.043548
0 0.092370 0.501623 0.013269 0.071855
0 0.029854 0.482775 0.021434 0.050353
0 0.048226 0.480053 0.013779 0.039466
0 0.079357 0.488729 0.012758 0.045930
0 0.212809 0.503358 0.013013 0.053415
0 0.200561 0.506590 0.013013 0.057157
0 0.673448 0.522240 0.008420 0.031300
1 0.052819 0.500943 0.035213 0.080292
5 0.048609 0.548574 0.043633 0.093901
0 0.010334 0.523125 0.019137 0.136089
2 0.314653 0.515177 0.022953 0.015302
