2 0.024791 0.625160 0.049581 0.088844
2 0.359791 0.754093 0.396142 0.372712
2 0.042877 0.607825 0.037786 0.049839
2 0.077007 0.605658 0.032910 0.049839
2 0.109307 0.606741 0.036567 0.043339
2 0.175737 0.595906 0.032910 0.030337
2 0.952786 0.541733 0.092636 0.121348
2 0.831505 0.544984 0.091417 0.062841
2 0.702911 0.552568 0.065821 0.065008
2 0.750449 0.550401 0.039005 0.047673
2 0.880261 0.538483 0.054850 0.058507
2 0.893060 0.508146 0.041443 0.032504
2 0.624902 0.551484 0.029254 0.032504
2 0.587116 0.561236 0.034129 0.030337
2 0.781530 0.544984 0.035348 0.032504
4 0.406109 0.559069 0.018283 0.017335
