0 0.060493 0.435508 0.030032 0.047288
0 0.091382 0.437797 0.023167 0.033559
0 0.223522 0.416441 0.030032 0.036610
2 0.497669 0.434746 0.008581 0.012203
2 0.489947 0.437797 0.005148 0.015254
2 0.505392 0.435508 0.006864 0.010678
2 0.516976 0.446186 0.012871 0.028983
2 0.527272 0.449237 0.006006 0.038136
2 0.533708 0.451525 0.010297 0.045763
2 0.543146 0.456102 0.010297 0.054915
2 0.560307 0.462966 0.027458 0.071695
2 0.568030 0.466780 0.036038 0.067119
2 0.580042 0.477458 0.027458 0.070169
2 0.594200 0.488135 0.036896 0.097627
4 0.670138 0.493474 0.140720 0.172373
2 0.477076 0.444661 0.024025 0.041186
2 0.429025 0.430932 0.020593 0.013729
2 0.405000 0.450763 0.022309 0.032034
2 0.387410 0.456102 0.031748 0.048814
2 0.371107 0.465254 0.043761 0.045763
2 0.321769 0.463729 0.073792 0.091525
2 0.285731 0.482797 0.066928 0.086949
2 0.220519 0.494237 0.123559 0.134237
2 0.101250 0.536949 0.202500 0.183051
2 0.441467 0.488136 0.083231 0.106780
2 0.167022 0.429926 0.077370 0.038208
