2 0.353501 0.200390 0.010547 0.021094
2 0.343614 0.201562 0.009229 0.018750
2 0.366685 0.206250 0.010547 0.023437
2 0.322520 0.212109 0.011865 0.016406
2 0.307359 0.210937 0.013184 0.018750
2 0.354161 0.217969 0.009229 0.023437
2 0.342954 0.223828 0.015820 0.025781
2 0.330430 0.239062 0.022412 0.032812
2 0.360752 0.241406 0.019775 0.023437
2 0.321861 0.260156 0.026367 0.032812
2 0.322520 0.285937 0.027686 0.065625
2 0.284288 0.289453 0.064600 0.096094
0 0.296153 0.228515 0.011865 0.025781
0 0.238804 0.234375 0.007910 0.028125
0 0.224302 0.232031 0.010547 0.028125
0 0.275718 0.226172 0.007910 0.025781
0 0.397007 0.230859 0.007910 0.039844
0 0.575645 0.287109 0.017139 0.091406
0 0.928306 0.266015 0.073828 0.157031
2 0.362730 0.262500 0.029004 0.023437
2 0.392393 0.262500 0.032959 0.032812
2 0.427989 0.258984 0.046143 0.035156
2 0.412168 0.411328 0.206982 0.307031
2 0.875571 0.484218 0.247851 0.438750
2 0.140586 0.342187 0.201709 0.281250
0 0.211119 0.256640 0.013184 0.044531
0 0.966538 0.252422 0.023730 0.100781
