2 0.324116 0.532820 0.037189 0.053317
2 0.352308 0.527488 0.028791 0.046919
2 0.174161 0.548815 0.070779 0.085308
2 0.214949 0.555213 0.075578 0.085308
2 0.033396 0.574407 0.066793 0.106635
2 0.285128 0.553080 0.086374 0.098104
2 0.382899 0.540284 0.046786 0.098104
2 0.488467 0.548815 0.049185 0.081043
2 0.423687 0.574407 0.116365 0.149289
2 0.713401 0.515758 0.031191 0.031990
2 0.753589 0.511493 0.044387 0.044787
2 0.809972 0.512559 0.082775 0.059716
2 0.905344 0.526421 0.127162 0.061848
2 0.917940 0.486966 0.089973 0.034123
2 0.976065 0.526421 0.047870 0.087441
2 0.686478 0.532238 0.017932 0.036037
2 0.582005 0.523922 0.016373 0.019405
