2 0.312836 0.343961 0.021997 0.028904
2 0.287491 0.345661 0.017215 0.028904
2 0.271711 0.351612 0.025823 0.034005
2 0.166604 0.359263 0.034430 0.052708
2 0.495507 0.358413 0.010520 0.013602
2 0.501245 0.364364 0.014346 0.025504
2 0.513296 0.361814 0.020084 0.034005
2 0.522860 0.366915 0.021997 0.037406
2 0.540553 0.368615 0.022953 0.044207
2 0.557768 0.377116 0.019128 0.047607
2 0.592676 0.365214 0.060253 0.085013
2 0.456964 0.348212 0.009564 0.013602
2 0.475136 0.349912 0.011477 0.017003
2 0.466050 0.347362 0.010520 0.015302
2 0.450748 0.347362 0.010520 0.011902
2 0.443575 0.343111 0.011477 0.013602
2 0.381409 0.342261 0.015302 0.015302
2 0.367542 0.339711 0.016259 0.017003
2 0.352048 0.343111 0.018171 0.017003
2 0.662620 0.394175 0.104247 0.110516
2 0.246749 0.351669 0.034430 0.039106
2 0.127678 0.361020 0.056427 0.057809
2 0.727496 0.406927 0.120505 0.125819
2 0.403502 0.342941 0.020084 0.022103
2 0.426455 0.344641 0.021997 0.025504
