2 0.517974 0.506329 0.009494 0.023629
2 0.523671 0.506329 0.013291 0.033755
2 0.555000 0.509704 0.017089 0.060759
2 0.576361 0.512236 0.044620 0.062447
2 0.438512 0.504641 0.011582 0.030380
2 0.431297 0.505485 0.012342 0.028692
2 0.419430 0.505485 0.017089 0.028692
2 0.379557 0.515612 0.026582 0.059072
2 0.349177 0.527426 0.056962 0.072574
2 0.279968 0.552742 0.090190 0.092827
2 0.679177 0.533333 0.100633 0.138397
2 0.760728 0.538396 0.130063 0.189029
2 0.134065 0.576350 0.208833 0.214303
2 0.410696 0.513924 0.030380 0.032067
2 0.596202 0.524894 0.055063 0.057384
2 0.535918 0.508861 0.025633 0.038819
2 0.445728 0.503797 0.010443 0.018565
2 0.850221 0.653955 0.296459 0.499578
2 0.496234 0.495358 0.008544 0.015190
