0 0.270248 0.673677 0.031268 0.119118
0 0.201011 0.653824 0.017868 0.090000
2 0.368520 0.645883 0.031268 0.058235
2 0.454136 0.639265 0.008934 0.034412
2 0.465304 0.639265 0.013401 0.029118
2 0.481097 0.647097 0.035510 0.060663
2 0.517393 0.652420 0.034349 0.040306
2 0.660954 0.643236 0.034246 0.010588
2 0.650532 0.657795 0.040202 0.023824
2 0.333530 0.655148 0.053603 0.076765
4 0.414827 0.603530 0.086360 0.169412
4 0.041691 0.608824 0.083382 0.079412
2 0.091572 0.693530 0.183144 0.164118
2 0.589882 0.644407 0.045071 0.043705
2 0.559152 0.649263 0.046437 0.033993
