2 0.319048 0.505750 0.010915 0.012936
2 0.338210 0.510247 0.006757 0.014784
2 0.344707 0.515791 0.012474 0.024025
2 0.355103 0.521797 0.011435 0.028645
2 0.367837 0.525955 0.029627 0.040657
2 0.407339 0.542587 0.026508 0.042505
2 0.427350 0.554600 0.030146 0.109035
2 0.441384 0.564302 0.045739 0.124743
2 0.494509 0.576196 0.120065 0.164476
2 0.566959 0.654579 0.179838 0.214374
2 0.304582 0.510986 0.011435 0.022177
2 0.295746 0.513758 0.011435 0.033265
2 0.285091 0.516068 0.019231 0.045277
2 0.270017 0.514682 0.021310 0.053593
2 0.248187 0.516068 0.027547 0.074846
2 0.218041 0.526694 0.055615 0.103491
2 0.149848 0.540555 0.128382 0.158932
2 0.064607 0.578440 0.128382 0.229158
2 0.790041 0.780801 0.417890 0.434292
