2 0.273656 0.493429 0.187115 0.185729
2 0.413992 0.456006 0.070168 0.085934
2 0.520413 0.454620 0.064711 0.094250
2 0.579666 0.435908 0.041321 0.065144
2 0.176590 0.468480 0.099015 0.149692
2 0.073676 0.488578 0.147353 0.164938
2 0.461550 0.447690 0.034304 0.049897
0 0.708308 0.433829 0.019491 0.060986
0 0.684139 0.433136 0.014813 0.067916
0 0.755087 0.453927 0.022610 0.106725
0 0.780815 0.455313 0.016373 0.092864
0 0.814340 0.449076 0.024169 0.121971
0 0.863847 0.460857 0.040542 0.139990
0 0.924660 0.451848 0.034304 0.155236
0 0.949218 0.468480 0.028847 0.146920
0 0.976896 0.442839 0.024949 0.137218
0 0.991709 0.444918 0.015593 0.130287
2 0.643861 0.450058 0.041917 0.046791
2 0.618516 0.445725 0.020471 0.045058
