2 0.500826 0.550561 0.009298 0.016531
2 0.507025 0.554235 0.013431 0.023878
2 0.480679 0.554235 0.012398 0.020204
2 0.437286 0.551479 0.009298 0.018367
2 0.412490 0.550561 0.023763 0.042245
2 0.248217 0.552398 0.018597 0.012857
2 0.268364 0.554235 0.015497 0.012857
2 0.298584 0.577194 0.070255 0.080816
4 0.165823 0.533571 0.060957 0.062449
4 0.122946 0.544592 0.041327 0.051429
4 0.465543 0.541837 0.016531 0.033061
4 0.610427 0.516122 0.147742 0.231429
2 0.427213 0.550714 0.015497 0.023878
2 0.516582 0.557143 0.018597 0.029388
2 0.490752 0.559898 0.020663 0.031224
2 0.447876 0.560816 0.027895 0.036735
2 0.373488 0.581939 0.087819 0.119388
