2 0.447764 0.544218 0.019775 0.018750
2 0.433921 0.536015 0.010547 0.011719
2 0.424693 0.538359 0.010547 0.011719
2 0.403599 0.538359 0.021094 0.025781
2 0.379209 0.544218 0.032959 0.046875
2 0.356797 0.532500 0.017139 0.023437
2 0.345591 0.527812 0.013184 0.023437
2 0.439854 0.561796 0.025049 0.039844
2 0.297471 0.533671 0.025049 0.025781
2 0.310655 0.544218 0.025049 0.032812
2 0.337681 0.568828 0.050098 0.058594
2 0.178819 0.526640 0.051416 0.035156
2 0.142564 0.591093 0.116016 0.135937
2 0.712095 0.634453 0.108105 0.142969
2 0.413487 0.577031 0.051416 0.075000
2 0.237620 0.647343 0.213843 0.234375
4 0.569712 0.697734 0.276855 0.447656
4 0.007342 0.500859 0.014683 0.072656
