4 0.643539 0.659192 0.014041 0.060324
4 0.674545 0.662312 0.054993 0.087365
4 0.724858 0.659192 0.052653 0.089445
4 0.795063 0.659192 0.092436 0.097766
4 0.951852 0.649831 0.045633 0.091525
4 0.905634 0.655031 0.046803 0.089445
4 0.288890 0.667512 0.019891 0.031202
4 0.307611 0.672712 0.010531 0.020801
2 0.378401 0.683113 0.011701 0.016641
2 0.364945 0.688313 0.010531 0.014561
2 0.364945 0.675833 0.012871 0.010401
2 0.336863 0.686233 0.012871 0.014561
2 0.317557 0.685193 0.011701 0.012481
2 0.301761 0.690393 0.010531 0.014561
2 0.281870 0.685193 0.015211 0.020801
2 0.325163 0.691433 0.017551 0.024961
2 0.349149 0.688313 0.028082 0.047843
2 0.237407 0.689353 0.038612 0.049923
2 0.177149 0.702874 0.063184 0.068644
2 0.053706 0.733036 0.106476 0.216333
