2 0.380512 0.373435 0.028035 0.056340
2 0.484728 0.342014 0.034129 0.032504
2 0.429268 0.377769 0.079228 0.112680
2 0.589554 0.342014 0.012189 0.019502
2 0.579193 0.345265 0.013408 0.021669
2 0.565176 0.347432 0.017065 0.017335
2 0.658422 0.334430 0.010970 0.017335
2 0.645623 0.338764 0.014627 0.017335
2 0.693160 0.370184 0.046318 0.058507
2 0.795548 0.373435 0.048756 0.073676
2 0.748011 0.379935 0.065821 0.073676
2 0.130638 0.391854 0.023159 0.075843
2 0.022962 0.443860 0.045925 0.223194
4 0.060748 0.366934 0.121496 0.199358
2 0.287267 0.384269 0.078010 0.073676
2 0.515201 0.450361 0.153581 0.227528
2 0.915000 0.413523 0.168208 0.223194
