2 0.349123 0.515051 0.016358 0.022959
2 0.322648 0.516582 0.007749 0.016837
2 0.307581 0.510459 0.022385 0.035204
2 0.419077 0.519643 0.006888 0.013776
2 0.231601 0.499745 0.018080 0.016837
2 0.210077 0.495153 0.018080 0.019898
2 0.182741 0.492857 0.038744 0.024490
2 0.151315 0.492857 0.030995 0.024490
2 0.074474 0.485970 0.035300 0.026020
2 0.102886 0.489031 0.054241 0.026020
2 0.025829 0.481378 0.051658 0.050510
2 0.269914 0.509541 0.061129 0.075000
2 0.366558 0.512755 0.018080 0.030612
2 0.381625 0.520408 0.008610 0.015306
2 0.407023 0.518878 0.014636 0.021429
2 0.431131 0.522704 0.011193 0.016837
