2 0.447764 0.486797 0.017139 0.025781
2 0.427989 0.478593 0.025049 0.046875
2 0.492588 0.491484 0.014502 0.016406
2 0.528843 0.483281 0.010547 0.018750
2 0.538072 0.483281 0.015820 0.028125
2 0.547300 0.480937 0.015820 0.032812
2 0.565757 0.483281 0.023730 0.037500
2 0.593443 0.486797 0.021094 0.049219
2 0.587510 0.478593 0.038232 0.065625
2 0.612559 0.484453 0.038232 0.072656
2 0.632334 0.487968 0.035596 0.075000
2 0.831406 0.530156 0.180615 0.140625
2 0.406236 0.486797 0.042187 0.058594
2 0.470835 0.479765 0.029004 0.044531
2 0.507090 0.490312 0.014502 0.018750
2 0.678477 0.489140 0.093603 0.105469
2 0.195298 0.547734 0.247851 0.232031
2 0.947422 0.546562 0.104150 0.215625
