2 0.126418 0.404124 0.252835 0.270103
2 0.627217 0.469072 0.013918 0.018557
2 0.616199 0.468041 0.015077 0.028866
2 0.608660 0.474227 0.009278 0.032990
2 0.595322 0.468041 0.024356 0.041237
2 0.550670 0.456701 0.044072 0.030928
2 0.579085 0.479382 0.040593 0.051546
2 0.677088 0.475258 0.020876 0.035052
2 0.694485 0.478351 0.027835 0.041237
2 0.709562 0.490722 0.032474 0.037113
2 0.718840 0.470103 0.018557 0.016495
2 0.739137 0.475258 0.028995 0.018557
2 0.856121 0.482818 0.031314 0.022680
2 0.789433 0.508591 0.109021 0.140206
4 0.920065 0.499175 0.156572 0.101031
2 0.506333 0.500000 0.046392 0.121650
2 0.400212 0.505155 0.186727 0.206186
2 0.976822 0.692784 0.042912 0.177320
