2 0.469198 0.508070 0.011701 0.011441
2 0.482361 0.500790 0.009946 0.015601
2 0.491137 0.498710 0.007605 0.023921
2 0.496987 0.497149 0.007605 0.024961
2 0.511320 0.490389 0.024571 0.044723
2 0.517463 0.492989 0.014626 0.037442
2 0.532089 0.488829 0.026327 0.056163
2 0.553150 0.491949 0.034517 0.060324
2 0.582695 0.494549 0.053823 0.080085
2 0.617212 0.501830 0.064354 0.090485
2 0.658456 0.515871 0.081320 0.095686
2 0.740361 0.531992 0.142163 0.134168
2 0.428245 0.503910 0.007020 0.019761
2 0.422395 0.495069 0.011701 0.037442
2 0.399871 0.488829 0.036857 0.083205
2 0.365647 0.501310 0.062014 0.116487
2 0.121687 0.619981 0.243374 0.471148
2 0.898847 0.542184 0.198912 0.291841
2 0.327795 0.515455 0.107061 0.137288
