3 0.584885 0.565822 0.019496 0.029461
2 0.476681 0.568421 0.007798 0.020796
2 0.517623 0.573620 0.013647 0.024262
2 0.563439 0.573620 0.007798 0.017330
3 0.384074 0.564089 0.046791 0.088383
4 0.497152 0.551091 0.029244 0.038126
2 0.342158 0.561489 0.033143 0.020796
2 0.313401 0.571021 0.026320 0.025995
2 0.291955 0.590950 0.049715 0.058922
2 0.279282 0.603081 0.043866 0.062388
2 0.339233 0.597016 0.042892 0.057189
2 0.180339 0.597882 0.072136 0.097048
2 0.215433 0.624744 0.122826 0.126508
2 0.077010 0.512966 0.064337 0.027728
2 0.071648 0.655071 0.141347 0.305007
2 0.142809 0.623011 0.016572 0.077985
2 0.494715 0.589217 0.028269 0.041592
4 0.440613 0.557157 0.066287 0.154236
2 0.725744 0.589217 0.018521 0.017330
2 0.913395 0.594416 0.011698 0.010398
