0 0.327857 0.441428 0.012398 0.058775
0 0.273345 0.445933 0.012398 0.060612
0 0.252166 0.420219 0.007232 0.038571
0 0.268180 0.455117 0.014464 0.060612
0 0.223754 0.455117 0.012398 0.064286
0 0.245450 0.454198 0.010332 0.066122
0 0.238734 0.461545 0.019630 0.088163
0 0.147816 0.474402 0.021696 0.091837
0 0.116747 0.429796 0.010332 0.078980
0 0.128703 0.417070 0.012398 0.064286
0 0.047870 0.404694 0.014464 0.051429
0 0.027708 0.401039 0.014464 0.082653
0 0.042704 0.465306 0.030995 0.055102
0 0.300478 0.479082 0.032028 0.137755
2 0.459831 0.441341 0.032028 0.069796
2 0.475845 0.456297 0.047526 0.073469
2 0.503741 0.434256 0.016531 0.036735
2 0.590010 0.507988 0.195268 0.253469
2 0.883010 0.465306 0.231429 0.304898
3 0.884426 0.372857 0.228329 0.330612
0 0.762302 0.438061 0.013431 0.075306
2 0.389748 0.451286 0.052691 0.071633
0 0.122129 0.479765 0.025049 0.105469
