2 0.439151 0.465308 0.010723 0.022529
2 0.449386 0.467908 0.011698 0.038126
2 0.455723 0.473973 0.012673 0.029461
2 0.470345 0.471374 0.030219 0.048524
2 0.474244 0.479172 0.016572 0.050257
2 0.378225 0.463575 0.015597 0.019063
2 0.365553 0.477439 0.027295 0.036393
2 0.333872 0.482638 0.045816 0.081451
2 0.315838 0.496502 0.050690 0.071053
2 0.288056 0.454044 0.036068 0.013864
2 0.269047 0.509500 0.091632 0.100514
2 0.169129 0.547625 0.131599 0.173299
2 0.492278 0.480905 0.042892 0.057189
2 0.405520 0.486971 0.058488 0.086650
2 0.575624 0.513832 0.123801 0.133440
2 0.523472 0.476573 0.015597 0.024262
2 0.821276 0.566688 0.355805 0.471374
2 0.074573 0.532028 0.147196 0.350064
