2 0.414339 0.476173 0.022956 0.040810
2 0.377610 0.475357 0.013773 0.042443
2 0.360164 0.476173 0.030302 0.044075
2 0.267882 0.483519 0.031220 0.052237
2 0.192587 0.485151 0.062440 0.075091
2 0.516263 0.457400 0.011937 0.019589
3 0.491470 0.445157 0.028465 0.031016
3 0.470351 0.446790 0.015610 0.014692
2 0.474024 0.486784 0.028465 0.062031
2 0.231612 0.502291 0.076213 0.086518
2 0.317925 0.503108 0.083559 0.101209
2 0.445559 0.500659 0.063358 0.102842
2 0.499734 0.476173 0.024792 0.031016
2 0.101803 0.570853 0.203606 0.354232
