2 0.034615 0.477011 0.069231 0.082637
2 0.088516 0.473260 0.050440 0.058022
2 0.224011 0.471502 0.066264 0.082637
2 0.146374 0.474139 0.087033 0.077363
2 0.284835 0.461099 0.031648 0.049231
2 0.362967 0.457362 0.043516 0.038242
2 0.410439 0.448791 0.017802 0.017582
2 0.517252 0.460220 0.019780 0.054505
2 0.501923 0.443516 0.010879 0.021099
2 0.552857 0.473846 0.065275 0.096703
2 0.460879 0.472967 0.083077 0.133626
2 0.671044 0.435604 0.009890 0.014066
2 0.698736 0.439121 0.025714 0.017582
2 0.721978 0.440000 0.028681 0.019341
2 0.757582 0.441758 0.040549 0.019341
2 0.785274 0.440879 0.020769 0.017582
2 0.805549 0.441758 0.021758 0.015824
2 0.849489 0.670141 0.297692 0.524960
2 0.319754 0.457085 0.036343 0.035705
