2 0.563639 0.439934 0.015610 0.031016
2 0.538847 0.449728 0.046830 0.034281
2 0.499669 0.457074 0.035199 0.035913
2 0.498139 0.475030 0.028465 0.045707
2 0.481611 0.477479 0.022956 0.050605
2 0.462328 0.477479 0.033974 0.053869
2 0.437077 0.471765 0.038566 0.048972
2 0.363619 0.470133 0.077131 0.114268
2 0.306229 0.488906 0.096414 0.128960
2 0.194544 0.511106 0.200415 0.210580
2 0.591557 0.468501 0.065194 0.114268
2 0.609004 0.486457 0.092741 0.143652
2 0.752488 0.550937 0.255268 0.269347
2 0.893684 0.610552 0.209356 0.378718
