2 0.215854 0.462402 0.125566 0.099921
2 0.632613 0.400748 0.009567 0.048898
2 0.640984 0.402874 0.019134 0.044646
2 0.666098 0.403937 0.040659 0.068032
2 0.571026 0.400748 0.013155 0.027638
2 0.562057 0.406063 0.021526 0.034016
6 0.544119 0.558071 0.047835 0.133937
1 0.547707 0.461339 0.064577 0.204095
2 0.591954 0.407126 0.035876 0.057402
2 0.688221 0.418819 0.056206 0.072283
4 0.472367 0.403406 0.086102 0.150945
0 0.415564 0.428070 0.013155 0.081219
0 0.745324 0.393839 0.011959 0.063780
2 0.144700 0.594744 0.289400 0.372047
2 0.905570 0.507579 0.186555 0.548504
