2 0.061631 0.523073 0.118823 0.184533
2 0.891344 0.541284 0.213062 0.332644
2 0.141529 0.480582 0.098336 0.109263
2 0.721304 0.507291 0.176186 0.167536
2 0.315667 0.483010 0.075118 0.089838
2 0.358006 0.483010 0.034145 0.075270
2 0.398297 0.467228 0.035510 0.048561
2 0.267181 0.589845 0.207599 0.288939
4 0.266498 0.433929 0.036876 0.024281
0 0.611359 0.481796 0.016389 0.077698
0 0.522583 0.464800 0.008195 0.067986
0 0.535558 0.453874 0.009560 0.060701
3 0.564239 0.446590 0.064192 0.070414
0 0.447465 0.467228 0.005463 0.033993
0 0.577273 0.474359 0.012871 0.041186
0 0.509058 0.472071 0.012013 0.067119
