2 0.414351 0.493790 0.026207 0.039934
2 0.411231 0.499337 0.019967 0.037716
2 0.394384 0.498227 0.023711 0.044371
2 0.346650 0.497673 0.029327 0.052136
2 0.285234 0.494899 0.023087 0.046590
2 0.230012 0.472159 0.024959 0.025514
2 0.221588 0.494345 0.024335 0.049918
2 0.152319 0.490338 0.030590 0.046341
3 0.268565 0.458689 0.043054 0.032169
3 0.320978 0.457025 0.054286 0.039934
2 0.184462 0.488244 0.059901 0.064339
2 0.252029 0.491017 0.049918 0.067666
2 0.316165 0.499891 0.045550 0.056574
2 0.379988 0.501001 0.048046 0.052136
2 0.552740 0.507815 0.033071 0.052136
2 0.611259 0.508369 0.042430 0.037716
2 0.907334 0.573579 0.182824 0.189688
0 0.859288 0.497831 0.011855 0.034388
2 0.184774 0.487848 0.061773 0.065448
2 0.494042 0.508924 0.093596 0.089852
