2 0.053947 0.507348 0.083185 0.071746
2 0.138779 0.486849 0.065066 0.060033
2 0.247909 0.485385 0.051064 0.039534
2 0.308033 0.482456 0.031297 0.027820
2 0.360744 0.477332 0.019767 0.023427
2 0.007824 0.520526 0.014001 0.074675
2 0.619634 0.446339 0.041181 0.036605
2 0.651344 0.441947 0.037063 0.045390
2 0.674817 0.439018 0.039534 0.042462
2 0.701172 0.439018 0.046123 0.042462
2 0.742353 0.430965 0.046123 0.046855
2 0.768709 0.429501 0.060948 0.052711
2 0.819362 0.436090 0.093069 0.080531
2 0.906528 0.417055 0.090598 0.086388
2 0.961298 0.407538 0.074949 0.093709
2 0.470697 0.481578 0.010707 0.019035
2 0.410161 0.483042 0.026356 0.036605
2 0.481783 0.480367 0.011388 0.015983
