2 0.495690 0.641207 0.051665 0.069320
2 0.360191 0.616079 0.043866 0.053723
2 0.472782 0.612613 0.017547 0.025995
2 0.471320 0.590084 0.012673 0.019063
2 0.493253 0.591817 0.009748 0.015597
2 0.441588 0.588351 0.009748 0.019063
2 0.426478 0.586618 0.010723 0.015597
2 0.460109 0.583152 0.007798 0.012131
2 0.452311 0.581419 0.005849 0.015597
2 0.152070 0.593550 0.027295 0.029461
4 0.342158 0.575353 0.017547 0.024262
2 0.312426 0.583152 0.012673 0.015597
2 0.301216 0.584018 0.007798 0.013864
2 0.265635 0.582285 0.012673 0.017330
2 0.329485 0.581419 0.007798 0.015597
2 0.356292 0.581419 0.010723 0.019063
