2 0.401843 0.578210 0.014627 0.032504
2 0.387216 0.578210 0.019502 0.041172
2 0.328709 0.583627 0.019502 0.039005
2 0.210476 0.608547 0.056069 0.080177
2 0.158673 0.611797 0.098731 0.095345
4 0.134295 0.555457 0.091417 0.078010
4 0.060139 0.612881 0.120277 0.145184
2 0.035761 0.814405 0.071521 0.296870
2 0.285438 0.618298 0.106044 0.125682
0 0.564566 0.573876 0.008532 0.036838
0 0.575536 0.572792 0.008532 0.034671
0 0.635872 0.593378 0.012189 0.075843
0 0.665735 0.590128 0.020721 0.104013
2 0.362838 0.590128 0.058507 0.078010
4 0.472539 0.530537 0.136517 0.327207
