0 0.023196 0.612371 0.030155 0.105155
2 0.472036 0.557290 0.013918 0.024742
2 0.462758 0.561856 0.016237 0.020619
2 0.483054 0.553167 0.008119 0.020619
2 0.487113 0.559352 0.011598 0.028866
2 0.491753 0.557290 0.011598 0.024742
2 0.498132 0.569661 0.015077 0.028866
2 0.508570 0.572754 0.019716 0.035052
2 0.445361 0.573785 0.011598 0.041237
4 0.400129 0.579382 0.095103 0.127835
4 0.315464 0.583505 0.074227 0.115464
2 0.254575 0.589691 0.068428 0.160825
2 0.158892 0.623270 0.157732 0.164948
2 0.010160 0.689626 0.020319 0.123711
2 0.453479 0.526804 0.009278 0.020619
