2 0.356549 0.422576 0.010518 0.020568
2 0.344979 0.431925 0.014725 0.028047
2 0.330781 0.439405 0.015776 0.028047
2 0.311323 0.435665 0.016828 0.024307
2 0.281348 0.430056 0.028398 0.035526
2 0.242432 0.433795 0.028398 0.035526
2 0.197206 0.430991 0.022087 0.029917
2 0.162498 0.441274 0.057847 0.050485
2 0.024717 0.459038 0.049433 0.078532
2 0.401249 0.435665 0.015776 0.024307
2 0.417025 0.428186 0.019984 0.016828
2 0.418603 0.445014 0.023139 0.031787
4 0.465407 0.424446 0.032605 0.046745
2 0.478554 0.451558 0.029449 0.029917
4 0.519047 0.428186 0.051537 0.061704
2 0.445949 0.459038 0.046278 0.056094
2 0.523780 0.496434 0.090452 0.104709
2 0.389679 0.440340 0.011569 0.022438
2 0.374955 0.445949 0.028398 0.037396
