2 0.290879 0.792656 0.027686 0.084375
2 0.257261 0.792656 0.055371 0.103125
2 0.234849 0.805546 0.058008 0.119531
2 0.165635 0.792656 0.109424 0.220312
3 0.300767 0.771562 0.047461 0.107812
3 0.797788 0.886406 0.158203 0.121875
2 0.666611 0.901640 0.133154 0.152344
2 0.362730 0.834843 0.097559 0.178125
2 0.551914 0.903984 0.146338 0.171094
2 0.838657 0.932109 0.047461 0.058594
2 0.901938 0.942656 0.047461 0.065625
2 0.975767 0.970781 0.047461 0.056250
2 0.076555 0.807890 0.153111 0.382031
2 0.947513 0.961810 0.040942 0.038126
