2 0.547167 0.313046 0.013658 0.021853
2 0.532826 0.313046 0.015024 0.021853
2 0.503462 0.319116 0.010926 0.019424
2 0.494584 0.322758 0.006829 0.021853
2 0.486390 0.319116 0.012292 0.024281
2 0.475463 0.325187 0.009560 0.021853
2 0.449513 0.326401 0.020487 0.038849
2 0.455659 0.326401 0.013658 0.038849
2 0.398979 0.332471 0.028681 0.046133
2 0.274010 0.332471 0.098336 0.109263
2 0.144261 0.357965 0.161162 0.145684
2 0.369615 0.332471 0.051900 0.055845
2 0.438587 0.332471 0.023218 0.036421
2 0.517120 0.316688 0.013658 0.024281
2 0.465220 0.328829 0.010926 0.029137
2 0.579946 0.310618 0.024584 0.041277
2 0.617505 0.315474 0.034145 0.036421
2 0.702866 0.313046 0.030047 0.050989
2 0.762278 0.311832 0.050534 0.092266
0 0.725402 0.332471 0.017755 0.133543
