2 0.014308 0.810632 0.028617 0.228399
2 0.086716 0.789906 0.153710 0.203927
2 0.375342 0.740276 0.012236 0.023112
2 0.333282 0.719204 0.015295 0.013595
2 0.309193 0.725321 0.026765 0.050302
2 0.301546 0.740276 0.031354 0.055740
2 0.386431 0.745034 0.028295 0.029909
2 0.397137 0.762028 0.037472 0.044864
2 0.407843 0.772225 0.048178 0.048943
2 0.356607 0.736877 0.016059 0.027190
2 0.760922 0.864026 0.187358 0.112840
2 0.785776 0.922485 0.426718 0.150906
2 0.424214 0.792548 0.050731 0.073260
2 0.331552 0.758483 0.058119 0.084290
2 0.274580 0.746247 0.043589 0.076133
