0 0.427453 0.535494 0.010723 0.045058
1 0.309501 0.551958 0.024370 0.091849
6 0.308527 0.579686 0.020471 0.057189
0 0.290493 0.554557 0.013647 0.076252
2 0.055077 0.608280 0.108204 0.149037
2 0.141835 0.573620 0.119901 0.128241
2 0.235416 0.569288 0.069211 0.084917
2 0.275871 0.554557 0.031194 0.065854
2 0.382125 0.545026 0.058488 0.029461
2 0.874890 0.675867 0.246626 0.512966
2 0.757426 0.594416 0.204710 0.284211
2 0.594633 0.558023 0.085783 0.110911
2 0.547842 0.553691 0.044841 0.088383
2 0.518598 0.545026 0.035093 0.053723
2 0.499102 0.533761 0.017547 0.031194
2 0.487891 0.531162 0.008773 0.029461
2 0.450361 0.538094 0.031194 0.032927
2 0.480093 0.521631 0.012673 0.020796
