2 0.604926 0.546483 0.012013 0.021356
2 0.486086 0.557924 0.007722 0.025932
2 0.482224 0.564025 0.008581 0.032034
2 0.480079 0.564025 0.004290 0.032034
2 0.453051 0.557161 0.006864 0.021356
2 0.423019 0.572415 0.022309 0.036610
2 0.440180 0.615890 0.022309 0.050339
2 0.523840 0.560212 0.007722 0.018305
2 0.525985 0.566313 0.005148 0.018305
2 0.535424 0.574703 0.017161 0.032034
2 0.539285 0.586907 0.014587 0.032034
2 0.543146 0.593771 0.015445 0.030508
2 0.553872 0.610551 0.030032 0.042712
2 0.582187 0.644873 0.028316 0.086949
2 0.604497 0.653263 0.030032 0.122034
2 0.678289 0.662415 0.145011 0.189153
2 0.777179 0.740593 0.230816 0.208220
2 0.410792 0.586525 0.038612 0.045763
2 0.409076 0.628474 0.047193 0.077797
2 0.465278 0.575847 0.030890 0.042712
2 0.516332 0.561356 0.007722 0.010678
3 0.232532 0.552585 0.331208 0.405763
2 0.059353 0.680530 0.118706 0.414534
2 0.910606 0.841652 0.175042 0.311186
