2 0.463008 0.505848 0.021094 0.028125
2 0.447187 0.506786 0.016875 0.041250
2 0.436113 0.508661 0.017930 0.045000
2 0.424512 0.510536 0.020039 0.052500
2 0.400254 0.520848 0.028477 0.054375
2 0.352266 0.525536 0.075937 0.105000
2 0.504668 0.511875 0.020039 0.026250
2 0.484629 0.510268 0.020039 0.018750
2 0.530658 0.517098 0.025312 0.031875
2 0.552279 0.526473 0.028477 0.054375
2 0.557025 0.542411 0.029531 0.052500
2 0.591077 0.559286 0.073828 0.101250
1 0.526289 0.510803 0.010547 0.041250
5 0.525762 0.551116 0.011602 0.054375
2 0.918406 0.789910 0.159258 0.363750
2 0.739637 0.503973 0.027422 0.035625
