2 0.403470 0.454625 0.009182 0.008162
2 0.406683 0.461155 0.008264 0.011427
2 0.412193 0.466868 0.010101 0.009794
2 0.420457 0.471765 0.010101 0.009794
2 0.413111 0.474214 0.010101 0.014692
2 0.421834 0.486457 0.020201 0.019589
2 0.436526 0.502781 0.023874 0.035913
2 0.352508 0.484008 0.008264 0.021221
2 0.318074 0.510127 0.016528 0.031016
2 0.303383 0.513392 0.022037 0.027751
2 0.268949 0.501149 0.048666 0.058767
2 0.225701 0.498700 0.049584 0.060399
2 0.179055 0.499516 0.093659 0.091415
2 0.404388 0.481560 0.016528 0.026119
2 0.369036 0.483192 0.030302 0.042443
2 0.464532 0.498700 0.039484 0.053869
2 0.976995 0.500877 0.044075 0.076723
6 0.924197 0.479383 0.068867 0.133857
