4 0.289184 0.445755 0.041551 0.050943
4 0.256230 0.452548 0.050147 0.045849
4 0.208948 0.455095 0.055879 0.050943
4 0.163815 0.457642 0.071639 0.056038
4 0.095041 0.453821 0.083101 0.063679
4 0.027462 0.465283 0.054923 0.040755
2 0.517713 0.458491 0.017193 0.020377
2 0.534906 0.456368 0.017193 0.017830
2 0.549234 0.462736 0.017193 0.020377
2 0.545652 0.475472 0.024357 0.035660
2 0.532757 0.485661 0.030088 0.050943
2 0.683199 0.453821 0.067341 0.033113
4 0.612993 0.455095 0.081669 0.132453
2 0.491923 0.472925 0.028656 0.035660
2 0.504818 0.503491 0.054446 0.076415
2 0.870894 0.504340 0.253603 0.315849
