2 0.877974 0.530295 0.243046 0.360462
2 0.085296 0.381258 0.043866 0.062388
2 0.746703 0.431515 0.191062 0.218357
2 0.657508 0.407253 0.071161 0.155969
2 0.530783 0.378659 0.030219 0.043325
2 0.565389 0.377792 0.019496 0.027728
2 0.451823 0.369994 0.028269 0.036393
2 0.506900 0.369127 0.019496 0.024262
2 0.467908 0.369127 0.017547 0.027728
2 0.480093 0.370860 0.010723 0.027728
2 0.554178 0.373460 0.012673 0.022529
2 0.550279 0.372593 0.010723 0.024262
1 0.607945 0.395390 0.023730 0.105469
5 0.607945 0.424687 0.021094 0.079687
