2 0.048740 0.359596 0.097481 0.254750
4 0.027295 0.208826 0.054589 0.088383
2 0.131599 0.328402 0.081884 0.071053
2 0.167180 0.308473 0.032169 0.055456
2 0.223231 0.369994 0.161818 0.143838
2 0.220794 0.292876 0.049715 0.017330
2 0.279282 0.311072 0.038018 0.036393
2 0.331435 0.353530 0.074085 0.103980
2 0.378225 0.354397 0.035093 0.067587
2 0.447437 0.340533 0.009748 0.029461
2 0.457672 0.350931 0.008773 0.032927
2 0.557103 0.353530 0.020471 0.041592
2 0.494715 0.354397 0.006824 0.025995
2 0.854906 0.386457 0.165717 0.204493
2 0.610717 0.359596 0.026320 0.060655
2 0.514211 0.350931 0.032169 0.043325
2 0.476681 0.352664 0.035093 0.053723
2 0.542481 0.359596 0.039967 0.046791
2 0.696988 0.406387 0.181314 0.233954
0 0.573187 0.350931 0.005849 0.025995
2 0.429403 0.329268 0.004874 0.013864
2 0.417705 0.322336 0.006824 0.013864
2 0.410882 0.322336 0.008773 0.013864
