2 0.363116 0.415052 0.141347 0.161168
2 0.566851 0.378659 0.061413 0.098781
2 0.644348 0.377792 0.056539 0.079718
2 0.516161 0.353530 0.022421 0.034660
2 0.076522 0.375193 0.125750 0.088383
4 0.261736 0.292009 0.244677 0.209692
4 0.442563 0.318870 0.046791 0.076252
2 0.470832 0.333601 0.009748 0.029461
2 0.483505 0.337067 0.019496 0.015597
2 0.498614 0.325802 0.010723 0.020796
2 0.525909 0.335334 0.018521 0.029461
2 0.547842 0.324936 0.009748 0.022529
2 0.599994 0.343999 0.018521 0.036393
2 0.509825 0.325802 0.009748 0.017330
4 0.481068 0.315404 0.016572 0.027728
