0 0.618329 0.354067 0.010531 0.041602
0 0.666010 0.371228 0.014626 0.044723
0 0.654100 0.369593 0.015211 0.048883
0 0.916739 0.362833 0.033347 0.133128
2 0.245861 0.372862 0.017551 0.016641
2 0.236793 0.390023 0.022816 0.042643
2 0.354677 0.371822 0.017551 0.035362
2 0.333323 0.375462 0.036857 0.057203
2 0.392119 0.360901 0.023401 0.030162
2 0.410548 0.356741 0.018136 0.032242
2 0.421371 0.355701 0.010531 0.040562
2 0.435412 0.373382 0.028082 0.046803
2 0.575528 0.372342 0.054408 0.107126
2 0.139677 0.401984 0.056748 0.093606
2 0.193208 0.400424 0.079565 0.086325
2 0.284473 0.384303 0.078395 0.101926
2 0.096765 0.431106 0.060844 0.080085
2 0.499526 0.344112 0.103551 0.232974
4 0.055651 0.349758 0.110572 0.462382
