2 0.078520 0.437428 0.157040 0.184141
2 0.205398 0.368652 0.050542 0.077650
2 0.163903 0.399712 0.092348 0.113147
2 0.935238 0.409696 0.121675 0.075431
2 0.484833 0.334264 0.008736 0.008874
2 0.460810 0.342029 0.009360 0.011093
2 0.976420 0.435209 0.045550 0.051027
2 0.982348 0.391947 0.034942 0.039934
2 0.262803 0.411175 0.100460 0.099836
2 0.515200 0.358484 0.012479 0.018858
2 0.486497 0.345727 0.009984 0.015530
2 0.472770 0.344063 0.009984 0.016639
2 0.447187 0.347391 0.011232 0.014421
2 0.501473 0.332416 0.007488 0.011093
2 0.509896 0.330752 0.009360 0.009984
2 0.415052 0.372350 0.026831 0.033279
2 0.568238 0.452034 0.136026 0.163804
0 0.332376 0.364585 0.006240 0.031060
2 0.981724 0.393241 0.036190 0.038825
4 0.767389 0.330197 0.232742 0.377896
