2 0.311035 0.454695 0.020721 0.019502
2 0.288486 0.453611 0.024378 0.021669
2 0.251919 0.455778 0.021940 0.017335
2 0.221446 0.451444 0.039005 0.021669
2 0.197678 0.455778 0.023159 0.013002
2 0.385388 0.455778 0.018283 0.017335
2 0.480462 0.464446 0.018283 0.026003
2 0.535922 0.462279 0.014627 0.021669
4 0.354306 0.438443 0.041443 0.043339
4 0.442676 0.447110 0.013408 0.017335
4 0.423174 0.446027 0.018283 0.032504
2 0.411594 0.456862 0.014627 0.015169
4 0.381731 0.436276 0.018283 0.021669
2 0.512154 0.473114 0.049975 0.086677
2 0.456694 0.477447 0.036567 0.052006
4 0.093049 0.260754 0.186098 0.520064
