2 0.531104 0.430287 0.012236 0.023112
2 0.515044 0.437764 0.018353 0.016314
2 0.487514 0.440483 0.024471 0.032628
2 0.458837 0.447961 0.032883 0.039426
2 0.359040 0.460196 0.048943 0.044864
2 0.346039 0.464275 0.047413 0.039426
2 0.339157 0.469713 0.041295 0.031269
2 0.322715 0.469033 0.049707 0.035347
2 0.301685 0.475151 0.033648 0.028550
2 0.287155 0.475151 0.035177 0.031269
2 0.271096 0.478550 0.035177 0.040785
2 0.248154 0.481269 0.041295 0.046224
2 0.031215 0.490496 0.053531 0.053021
2 0.010950 0.511568 0.017589 0.038066
2 0.065628 0.495934 0.050472 0.050302
2 0.089334 0.504771 0.071884 0.059819
2 0.160454 0.510209 0.165181 0.133233
2 0.419071 0.454079 0.048178 0.051662
2 0.647342 0.424849 0.016824 0.020393
2 0.589223 0.478550 0.111650 0.157704
2 0.799523 0.450000 0.079532 0.084290
