2 0.504884 0.439638 0.012989 0.019539
2 0.462419 0.440526 0.023980 0.035526
2 0.432944 0.442303 0.024979 0.031974
2 0.413460 0.447632 0.023980 0.046184
2 0.584819 0.434309 0.024979 0.044408
2 0.389979 0.457401 0.024979 0.044408
2 0.610797 0.437862 0.042965 0.055066
2 0.027278 0.476053 0.052956 0.092368
0 0.350512 0.506250 0.089926 0.369474
0 0.817127 0.468947 0.021982 0.092368
0 0.838110 0.467171 0.019984 0.103026
0 0.856595 0.468947 0.014988 0.103026
2 0.489354 0.433248 0.015597 0.013864
2 0.519085 0.438447 0.010723 0.017330
