2 0.573042 0.545971 0.028791 0.055450
2 0.513660 0.551303 0.015595 0.023460
2 0.481869 0.548104 0.023993 0.029858
2 0.462675 0.560900 0.028791 0.038389
2 0.397135 0.569431 0.065662 0.063981
2 0.547850 0.570497 0.059982 0.066114
2 0.649845 0.555568 0.048036 0.057583
2 0.438535 0.561818 0.022412 0.044489
2 0.345110 0.552369 0.019194 0.021327
2 0.292926 0.554502 0.029991 0.042654
2 0.241341 0.567298 0.034790 0.034123
2 0.192755 0.569431 0.026392 0.038389
4 0.094984 0.455331 0.188344 0.714455
4 0.961418 0.616350 0.076159 0.166351
2 0.494566 0.556875 0.021094 0.042187
