0 0.648266 0.438750 0.015987 0.046184
0 0.589815 0.436974 0.004996 0.028421
0 0.581821 0.438750 0.004996 0.024868
0 0.575826 0.441414 0.004996 0.026645
2 0.415335 0.440526 0.023980 0.028421
2 0.445311 0.448520 0.051957 0.033750
2 0.501764 0.446743 0.030975 0.051513
2 0.472788 0.439638 0.020983 0.044408
2 0.688111 0.464507 0.065946 0.104803
2 0.739192 0.478717 0.085929 0.133224
2 0.880076 0.452961 0.239803 0.312632
2 0.385483 0.454737 0.033972 0.035526
2 0.358505 0.469836 0.027977 0.058618
2 0.332027 0.471612 0.046961 0.069276
2 0.289062 0.486711 0.060950 0.085263
2 0.216622 0.502697 0.109910 0.127895
2 0.091225 0.642138 0.180851 0.477829
2 0.549649 0.455331 0.037189 0.053318
