2 0.123184 0.675693 0.246368 0.295226
2 0.960913 0.706186 0.075626 0.342351
2 0.253251 0.585122 0.084470 0.093821
2 0.837339 0.654902 0.208945 0.275821
2 0.707138 0.618865 0.112269 0.176027
2 0.640479 0.595996 0.047558 0.121971
2 0.603056 0.594610 0.033525 0.080390
2 0.596039 0.582828 0.031965 0.070688
2 0.578887 0.577284 0.036643 0.076232
2 0.555497 0.581442 0.016373 0.051283
2 0.551209 0.580056 0.023389 0.034651
2 0.536396 0.573126 0.014034 0.031879
2 0.439720 0.579363 0.024949 0.047125
2 0.455703 0.577977 0.025728 0.027721
2 0.467397 0.575205 0.013254 0.027721
