2 0.563619 0.428076 0.008789 0.014062
2 0.571968 0.421826 0.007910 0.010937
2 0.582954 0.424951 0.015820 0.020313
2 0.552632 0.424951 0.009668 0.010937
2 0.521431 0.435889 0.012305 0.017187
2 0.626900 0.420264 0.014062 0.017187
2 0.614156 0.430420 0.014941 0.028125
2 0.638326 0.435107 0.017578 0.031250
2 0.729732 0.430420 0.028125 0.031250
4 0.776834 0.437451 0.062564 0.070312
2 0.974507 0.456592 0.048340 0.088280
2 0.664253 0.433545 0.041309 0.053125
2 0.538130 0.439795 0.024609 0.040625
2 0.600093 0.443701 0.029004 0.045312
2 0.697212 0.451514 0.043945 0.048437
2 0.876949 0.473389 0.160840 0.170312
