2 0.516439 0.489357 0.014403 0.017071
2 0.505637 0.486512 0.010402 0.019916
2 0.497235 0.488646 0.014403 0.024183
2 0.482031 0.487224 0.019204 0.027028
2 0.537244 0.492203 0.017604 0.017071
2 0.553248 0.482245 0.012803 0.034141
2 0.564850 0.487935 0.029607 0.048367
2 0.433220 0.485801 0.011203 0.027028
2 0.408414 0.485801 0.022405 0.032719
2 0.387209 0.484379 0.028006 0.049789
2 0.365204 0.492914 0.035208 0.055479
2 0.320394 0.492914 0.067216 0.086776
2 0.265181 0.508562 0.089621 0.101001
2 0.116347 0.485090 0.040009 0.042677
2 0.171560 0.525632 0.123228 0.129452
2 0.066575 0.555506 0.133151 0.197735
2 0.594137 0.483312 0.044010 0.071128
2 0.603739 0.491847 0.040809 0.068282
2 0.626545 0.498248 0.041610 0.083930
2 0.648150 0.501093 0.046411 0.103846
3 0.830992 0.454078 0.335277 0.904742
3 0.278206 0.465411 0.104024 0.109536
