2 0.320821 0.396553 0.017660 0.020183
2 0.288655 0.401038 0.036581 0.029153
2 0.242613 0.403280 0.025228 0.033638
2 0.197833 0.403280 0.026490 0.033638
2 0.175758 0.408887 0.020183 0.031395
2 0.945224 0.326661 0.025228 0.035880
2 0.921887 0.326661 0.026490 0.035880
2 0.897920 0.335631 0.029013 0.035880
2 0.861970 0.338995 0.032797 0.047093
2 0.827281 0.348339 0.034058 0.040365
2 0.784393 0.354692 0.051718 0.051578
2 0.601487 0.372633 0.026490 0.038123
2 0.456424 0.380481 0.026490 0.026910
2 0.370016 0.402159 0.047934 0.049336
