2 0.406480 0.318448 0.010717 0.019052
2 0.388491 0.319128 0.011482 0.017692
2 0.375095 0.320489 0.015310 0.023135
2 0.415283 0.321850 0.009951 0.034022
2 0.434038 0.326613 0.030620 0.076210
0 0.259121 0.332737 0.009951 0.034022
0 0.220464 0.337500 0.010717 0.032661
0 0.210130 0.351789 0.006889 0.047631
2 0.175299 0.364718 0.065833 0.070766
3 0.502550 0.300756 0.019137 0.059879
3 0.539677 0.281704 0.053585 0.097984
2 0.540060 0.327974 0.051288 0.068044
2 0.470782 0.340222 0.065833 0.111593
2 0.318448 0.356552 0.128604 0.182359
3 0.078081 0.339541 0.154631 0.200050
0 0.703876 0.283065 0.016075 0.048992
0 0.683208 0.304158 0.009951 0.074849
0 0.574507 0.300076 0.008420 0.023135
0 0.609337 0.298034 0.010717 0.043548
0 0.619672 0.319128 0.020668 0.069405
5 0.690097 0.345665 0.016075 0.070766
5 0.656415 0.341583 0.016075 0.062601
5 0.876726 0.385812 0.078846 0.083014
0 0.677122 0.288157 0.010135 0.037423
0 0.663868 0.287464 0.005458 0.033265
0 0.191013 0.318442 0.009356 0.022177
0 0.183996 0.319828 0.006237 0.016632
0 0.164115 0.321214 0.007017 0.022177
