2 0.761441 0.285612 0.019630 0.027551
2 0.738712 0.296633 0.023763 0.023878
2 0.728380 0.304898 0.019630 0.029388
2 0.715982 0.307653 0.025829 0.038571
2 0.697385 0.318673 0.034094 0.045918
2 0.682060 0.325408 0.025829 0.042245
2 0.668629 0.331837 0.023763 0.044082
2 0.649515 0.337347 0.043393 0.062449
2 0.623686 0.354796 0.041327 0.053265
2 0.834451 0.289592 0.028929 0.033061
2 0.846333 0.324490 0.046492 0.069796
2 0.096929 0.396448 0.061990 0.040408
2 0.010238 0.401039 0.020475 0.034898
2 0.278250 0.435019 0.147742 0.143265
2 0.870769 0.360631 0.068189 0.090000
2 0.601113 0.371652 0.049592 0.071633
2 0.193014 0.402876 0.059923 0.042245
2 0.128441 0.400121 0.040293 0.047755
