2 0.476768 0.471562 0.019775 0.032812
2 0.465562 0.480937 0.018457 0.032812
2 0.451719 0.490312 0.017139 0.042187
2 0.432603 0.490312 0.026367 0.060937
2 0.416783 0.492656 0.029004 0.056250
2 0.387779 0.497343 0.050098 0.075000
2 0.356138 0.513750 0.052734 0.079687
2 0.318565 0.527812 0.054053 0.098437
2 0.562461 0.468047 0.017139 0.030469
2 0.570371 0.478593 0.017139 0.046875
2 0.594102 0.485625 0.038232 0.075000
2 0.615195 0.506718 0.030322 0.075000
2 0.631016 0.511406 0.040869 0.093750
2 0.676499 0.539531 0.097559 0.135937
2 0.230235 0.547734 0.148975 0.166406
