2 0.373839 0.245218 0.018521 0.025995
2 0.462546 0.239153 0.018521 0.013864
2 0.463034 0.265148 0.023395 0.045058
2 0.476194 0.266014 0.008773 0.043325
2 0.492278 0.271213 0.029244 0.057189
2 0.519573 0.285944 0.060438 0.093582
2 0.585860 0.311939 0.099430 0.128241
2 0.754501 0.377792 0.278795 0.298075
2 0.347032 0.257349 0.027295 0.036393
2 0.368965 0.253017 0.020471 0.027728
2 0.332897 0.259082 0.014622 0.043325
2 0.318762 0.258216 0.033143 0.051990
2 0.308527 0.262548 0.016572 0.050257
2 0.293417 0.259949 0.025345 0.069320
2 0.268072 0.263415 0.048740 0.079718
2 0.234441 0.276412 0.057514 0.074519
2 0.168642 0.289410 0.095531 0.100514
2 0.418680 0.318004 0.114053 0.161168
2 0.891949 0.503434 0.212508 0.480039
0 0.142322 0.234820 0.013647 0.036393
0 0.012185 0.229621 0.024370 0.057189
