2 0.149391 0.524885 0.030422 0.016641
2 0.118969 0.522805 0.028082 0.020801
2 0.261718 0.516564 0.014041 0.012481
2 0.251772 0.517604 0.012871 0.010401
2 0.381650 0.519684 0.012871 0.014561
2 0.370534 0.518644 0.016381 0.012481
2 0.400956 0.524885 0.021061 0.016641
2 0.426113 0.518644 0.008190 0.016641
2 0.434303 0.520725 0.010531 0.020801
2 0.234806 0.529045 0.035102 0.037442
2 0.357664 0.521765 0.014041 0.018721
2 0.414997 0.523845 0.021061 0.022881
2 0.452439 0.526965 0.039782 0.054083
2 0.482861 0.515524 0.021061 0.031202
2 0.518548 0.516564 0.040952 0.066564
2 0.595773 0.525925 0.087755 0.118567
2 0.045444 0.531125 0.090888 0.083205
2 0.927488 0.530085 0.142749 0.276657
2 0.290970 0.510324 0.023401 0.020801
2 0.340698 0.516564 0.019891 0.016641
2 0.324902 0.516564 0.018721 0.016641
2 0.307936 0.512404 0.017551 0.024961
