0 0.087950 0.430932 0.031748 0.123559
0 0.136430 0.419491 0.027458 0.103729
0 0.627378 0.470593 0.011155 0.056441
0 0.860768 0.503390 0.021451 0.070169
2 0.253554 0.398136 0.007722 0.030508
2 0.263851 0.399661 0.014587 0.027458
2 0.302463 0.405000 0.009439 0.019831
2 0.316192 0.411864 0.024883 0.039661
2 0.326488 0.422542 0.024883 0.048814
2 0.341504 0.424068 0.036038 0.073220
2 0.439751 0.439322 0.060922 0.057966
2 0.586049 0.459152 0.041186 0.057966
2 0.920174 0.504915 0.075508 0.051864
2 0.281012 0.429407 0.042044 0.056441
2 0.378400 0.438559 0.061780 0.080847
2 0.510111 0.447712 0.114121 0.077797
2 0.986901 0.517627 0.024883 0.036610
2 0.283586 0.393407 0.019735 0.010678
5 0.727198 0.488517 0.024883 0.030508
