0 0.152031 0.701334 0.026508 0.163552
0 0.789001 0.657674 0.028067 0.112269
0 0.749239 0.685395 0.023389 0.081776
0 0.827204 0.654209 0.038982 0.124743
0 0.562124 0.636191 0.014034 0.055441
0 0.643208 0.638963 0.015593 0.077618
0 0.677512 0.645893 0.015593 0.094250
0 0.926609 0.665991 0.036643 0.137218
0 0.935575 0.642428 0.026508 0.137218
0 0.970269 0.656288 0.031965 0.162166
0 0.532498 0.632726 0.014034 0.076232
0 0.544193 0.641735 0.007796 0.060986
2 0.290028 0.670149 0.073287 0.120585
2 0.366044 0.650744 0.041321 0.048511
2 0.327841 0.629954 0.022610 0.054055
2 0.312248 0.607084 0.014813 0.024949
2 0.145014 0.648665 0.048338 0.047125
2 0.224928 0.640349 0.033525 0.036037
2 0.267808 0.611242 0.016373 0.019405
2 0.288079 0.597382 0.013254 0.016632
2 0.299384 0.595996 0.007796 0.016632
2 0.320044 0.587679 0.011695 0.013860
2 0.330570 0.587679 0.009356 0.011088
2 0.338756 0.602233 0.013254 0.015246
0 0.491845 0.627039 0.012989 0.069276
0 0.472411 0.630414 0.009992 0.051513
2 0.443812 0.602171 0.042965 0.081711
