2 0.371914 0.580394 0.014350 0.017008
2 0.340224 0.579685 0.013155 0.012756
2 0.327069 0.583937 0.013155 0.017008
2 0.317503 0.585000 0.015546 0.010630
2 0.300760 0.587126 0.017938 0.014882
2 0.271462 0.592441 0.011959 0.012756
2 0.251730 0.598819 0.020330 0.025512
2 0.176988 0.612638 0.062185 0.048898
2 0.121380 0.617953 0.044247 0.042520
2 0.227215 0.597756 0.021526 0.023386
2 0.381880 0.586772 0.014350 0.025512
2 0.420347 0.598819 0.017938 0.051024
2 0.397626 0.589252 0.022721 0.040394
2 0.355770 0.613701 0.044247 0.068032
2 0.449446 0.605197 0.065773 0.093543
2 0.823012 0.750017 0.350389 0.448583
