2 0.088127 0.478796 0.174607 0.273807
2 0.529174 0.569577 0.317092 0.417299
2 0.970632 0.450097 0.056830 0.061497
2 0.984222 0.422424 0.029650 0.026356
2 0.943728 0.419496 0.039259 0.016106
2 0.946061 0.442191 0.052711 0.058568
0 0.167606 0.423888 0.014001 0.067354
0 0.144957 0.404853 0.008236 0.029284
0 0.677013 0.427549 0.010707 0.080531
0 0.664659 0.395336 0.009060 0.030748
0 0.646708 0.434817 0.012693 0.118496
0 0.634597 0.429745 0.013178 0.090781
0 0.641598 0.434138 0.009060 0.076139
0 0.628831 0.401925 0.008236 0.020499
0 0.625537 0.434138 0.013178 0.067354
0 0.616889 0.407050 0.010707 0.054176
0 0.700486 0.431209 0.023061 0.099566
0 0.657173 0.443550 0.026356 0.133243
0 0.197183 0.418659 0.014001 0.074675
0 0.353258 0.420855 0.013178 0.046855
2 0.731753 0.435130 0.090825 0.069914
2 0.757971 0.435962 0.058990 0.071578
2 0.821174 0.434297 0.129215 0.088224
2 0.321400 0.421147 0.016854 0.039951
2 0.331700 0.418650 0.011236 0.034957
2 0.314378 0.421147 0.017791 0.043280
2 0.305482 0.421147 0.014982 0.043280
2 0.288160 0.422811 0.042135 0.056597
2 0.347150 0.424476 0.032772 0.049938
2 0.373835 0.421979 0.016854 0.041615
2 0.389753 0.423644 0.033708 0.051603
2 0.392147 0.422021 0.034100 0.051295
0 0.255092 0.425518 0.011804 0.048964
