0 0.542786 0.514104 0.015761 0.063679
0 0.566427 0.529387 0.028656 0.104434
2 0.250737 0.529812 0.028656 0.025472
2 0.211336 0.531085 0.044416 0.053491
2 0.168352 0.537453 0.050147 0.071321
2 0.296586 0.528538 0.022925 0.028019
2 0.353181 0.519623 0.030088 0.035660
2 0.376822 0.515802 0.014328 0.022925
2 0.105310 0.555284 0.124652 0.081510
2 0.320944 0.538727 0.042984 0.053491
2 0.406911 0.531085 0.051580 0.078962
2 0.764390 0.511982 0.150442 0.122264
2 0.598904 0.501793 0.042984 0.050943
2 0.613232 0.497972 0.040118 0.048396
2 0.625410 0.497972 0.055879 0.058585
2 0.636156 0.496699 0.037252 0.050943
2 0.654066 0.492878 0.044416 0.053491
2 0.681289 0.487783 0.064475 0.084057
