2 0.020915 0.588480 0.038612 0.081515
2 0.871798 0.641115 0.255414 0.372697
2 0.434263 0.553029 0.087320 0.108111
2 0.055745 0.567582 0.060033 0.076232
2 0.098235 0.564117 0.034304 0.041581
2 0.122404 0.557880 0.021830 0.040195
2 0.136828 0.555801 0.013254 0.030493
2 0.143845 0.544712 0.017932 0.030493
2 0.155539 0.546791 0.014813 0.023563
2 0.166844 0.539861 0.012474 0.023563
2 0.173471 0.532238 0.017932 0.027721
2 0.369942 0.545405 0.049118 0.073460
2 0.342264 0.544019 0.034304 0.070688
2 0.326671 0.547484 0.023389 0.055441
2 0.283791 0.534317 0.020271 0.026335
2 0.269368 0.531545 0.010135 0.023563
2 0.258063 0.525308 0.010915 0.019405
2 0.245588 0.526001 0.014034 0.018018
2 0.232724 0.521843 0.014813 0.020791
2 0.196911 0.526829 0.013647 0.013864
