2 0.136520 0.523151 0.025742 0.014561
2 0.127745 0.543953 0.031592 0.043683
2 0.114874 0.523151 0.012871 0.018721
2 0.152316 0.546033 0.033932 0.043683
2 0.169282 0.550193 0.028082 0.064484
2 0.180398 0.543953 0.033932 0.072804
2 0.220180 0.548113 0.080735 0.097766
2 0.268153 0.572034 0.073714 0.112327
2 0.378725 0.572034 0.196572 0.212173
2 0.053445 0.530432 0.014041 0.020801
2 0.048180 0.540832 0.012871 0.024961
2 0.042330 0.542913 0.012871 0.037442
2 0.035894 0.544993 0.016381 0.049923
2 0.027704 0.547073 0.018721 0.054083
2 0.012682 0.544993 0.025364 0.066564
2 0.007417 0.560594 0.014833 0.068644
2 0.083867 0.548113 0.065524 0.085285
2 0.618004 0.647959 0.415375 0.334900
