2 0.375215 0.509631 0.016381 0.020801
2 0.384575 0.515871 0.016381 0.033282
2 0.393351 0.516911 0.022231 0.052003
2 0.404466 0.521071 0.018721 0.056163
2 0.429038 0.529392 0.044463 0.076965
2 0.361174 0.510671 0.011701 0.014561
2 0.348888 0.515871 0.012871 0.016641
2 0.335432 0.511711 0.014041 0.020801
2 0.326657 0.511711 0.008190 0.016641
2 0.289800 0.502350 0.023401 0.027042
2 0.266983 0.517951 0.038612 0.058243
2 0.259378 0.531472 0.023401 0.064484
2 0.228371 0.536672 0.047973 0.083205
2 0.213745 0.555393 0.039782 0.079045
2 0.149391 0.560594 0.102966 0.126888
2 0.488711 0.536672 0.107646 0.149769
2 0.306181 0.532512 0.049143 0.074884
2 0.859624 0.577235 0.278477 0.763406
