2 0.207061 0.535701 0.043157 0.053869
2 0.295976 0.523458 0.016528 0.026119
2 0.307913 0.523458 0.009182 0.022854
2 0.312963 0.522642 0.011937 0.021221
2 0.342805 0.519377 0.012855 0.021221
2 0.383667 0.519649 0.006428 0.013059
2 0.411672 0.520466 0.009182 0.011427
2 0.017446 0.553930 0.034893 0.104474
2 0.260777 0.549577 0.080804 0.104474
2 0.327195 0.527539 0.027547 0.034281
2 0.357497 0.520194 0.020201 0.022854
2 0.390400 0.514480 0.010101 0.021221
2 0.400042 0.517745 0.012855 0.021221
2 0.427129 0.519377 0.010101 0.011427
