2 0.020135 0.574553 0.040270 0.107386
2 0.185735 0.559213 0.069034 0.063555
2 0.093278 0.549351 0.022190 0.078896
2 0.233812 0.536201 0.066569 0.078896
2 0.332432 0.544237 0.039448 0.039448
2 0.356471 0.537297 0.025888 0.032873
2 0.417492 0.536201 0.029586 0.039448
2 0.434750 0.528165 0.009862 0.021916
2 0.446461 0.524148 0.013560 0.024107
2 0.459405 0.518669 0.009862 0.017532
2 0.477897 0.528531 0.012328 0.019724
2 0.470500 0.526339 0.007397 0.019724
2 0.490840 0.525974 0.011095 0.017532
2 0.498853 0.530357 0.014793 0.017532
2 0.514263 0.527070 0.013560 0.037256
2 0.385440 0.523782 0.024655 0.030682
2 0.560491 0.542045 0.044379 0.058442
2 0.540151 0.528165 0.011095 0.030682
4 0.591926 0.528531 0.025888 0.046023
2 0.660344 0.545698 0.022190 0.016071
2 0.690546 0.547159 0.030819 0.030682
2 0.715818 0.549351 0.029586 0.030682
2 0.749718 0.555925 0.033284 0.030682
2 0.774990 0.549351 0.014793 0.026299
2 0.816287 0.554829 0.020957 0.019724
2 0.795330 0.552638 0.018491 0.019724
2 0.846489 0.547159 0.034517 0.017532
2 0.935864 0.595008 0.124508 0.212581
2 0.889512 0.616079 0.032169 0.077985
2 0.530295 0.519031 0.015597 0.022529
