2 0.670180 0.895957 0.018521 0.045058
2 0.459134 0.855231 0.035093 0.019063
2 0.388461 0.854365 0.038018 0.017330
2 0.252475 0.870828 0.058488 0.057189
2 0.187651 0.870828 0.086758 0.084917
2 0.075548 0.869095 0.151095 0.105712
2 0.764249 0.912420 0.015597 0.022529
2 0.776922 0.910687 0.013647 0.025995
2 0.801292 0.904622 0.025345 0.041592
2 0.833461 0.902022 0.044841 0.060655
2 0.866604 0.911554 0.044841 0.058922
2 0.908521 0.923685 0.077985 0.079718
2 0.973833 0.919352 0.050690 0.140372
2 0.715996 0.921952 0.092607 0.131707
