4 0.168931 0.574687 0.108105 0.098437
2 0.242100 0.577031 0.096240 0.093750
2 0.314610 0.575859 0.075146 0.082031
2 0.422056 0.573515 0.026367 0.049219
2 0.452378 0.559453 0.055371 0.067969
2 0.525547 0.527812 0.040869 0.014062
2 0.562461 0.532500 0.030322 0.014062
2 0.609922 0.562968 0.075146 0.084375
2 0.678477 0.558281 0.085693 0.089062
2 0.634312 0.532500 0.018457 0.018750
2 0.741099 0.553593 0.073828 0.084375
2 0.844590 0.554765 0.119971 0.086719
2 0.380528 0.567656 0.069873 0.093750
2 0.524888 0.645000 0.224121 0.229687
4 0.078533 0.550078 0.157066 0.091406
2 0.052166 0.596953 0.104332 0.091406
2 0.988950 0.516093 0.021094 0.028125
2 0.938852 0.547734 0.121289 0.096094
