3 0.304322 0.464573 0.062381 0.108768
2 0.259935 0.486966 0.021594 0.042654
2 0.242540 0.482701 0.032390 0.055450
2 0.224546 0.485900 0.041988 0.053317
2 0.145969 0.490166 0.076777 0.091706
2 0.082988 0.493365 0.094772 0.132227
2 0.035796 0.501895 0.071591 0.166351
2 0.342111 0.483767 0.015595 0.044787
2 0.359506 0.489099 0.019194 0.025592
2 0.381099 0.485900 0.023993 0.031991
2 0.408691 0.496564 0.043187 0.057583
2 0.442281 0.498696 0.031191 0.074645
2 0.490867 0.506161 0.101970 0.123697
2 0.615030 0.524289 0.179947 0.219668
