2 0.415881 0.453238 0.009560 0.033993
2 0.519681 0.428957 0.015024 0.014568
2 0.228632 0.464488 0.019121 0.026709
2 0.206097 0.459632 0.025950 0.026709
2 0.166489 0.468980 0.034145 0.022581
2 0.086591 0.480270 0.030047 0.019424
2 0.024448 0.478306 0.025950 0.027728
2 0.364528 0.451133 0.025950 0.024281
2 0.533202 0.436565 0.010926 0.024281
2 0.393004 0.461331 0.047802 0.065558
2 0.489292 0.490221 0.103800 0.148606
2 0.548704 0.440693 0.017755 0.033993
2 0.295351 0.491682 0.125652 0.145684
2 0.433534 0.452833 0.024106 0.033993
2 0.621568 0.437051 0.012292 0.014568
2 0.632221 0.437051 0.012292 0.009712
2 0.641099 0.437051 0.010926 0.014568
2 0.653391 0.437051 0.019121 0.019424
2 0.769346 0.440693 0.031413 0.026709
2 0.731787 0.433409 0.013658 0.016996
2 0.695594 0.437051 0.012292 0.014568
2 0.676473 0.437051 0.015024 0.014568
2 0.865087 0.416412 0.016389 0.016996
2 0.884208 0.413984 0.016389 0.012140
2 0.908109 0.413984 0.025950 0.012140
2 0.941571 0.412770 0.027316 0.014568
2 0.967521 0.412770 0.021853 0.014568
2 0.907427 0.437536 0.038242 0.020396
2 0.880794 0.440450 0.055997 0.019424
2 0.946351 0.438022 0.039608 0.029137
