2 0.420832 0.483010 0.012292 0.036421
2 0.435173 0.464800 0.024584 0.019424
2 0.450879 0.483010 0.015024 0.031565
2 0.476829 0.481796 0.012292 0.029137
4 0.519851 0.467228 0.024584 0.053417
2 0.534875 0.507291 0.030047 0.109263
2 0.640040 0.501221 0.013658 0.077698
2 0.327959 0.501221 0.031413 0.058273
2 0.355274 0.480582 0.009560 0.021853
2 0.433807 0.496365 0.030047 0.048561
2 0.307472 0.476940 0.012292 0.014568
2 0.286302 0.474512 0.021853 0.019424
2 0.261718 0.509719 0.062826 0.104407
2 0.386005 0.523073 0.081947 0.111691
2 0.493219 0.486652 0.034145 0.043705
2 0.464537 0.489081 0.020487 0.033993
2 0.689891 0.498793 0.061460 0.067986
4 0.590872 0.474512 0.084679 0.213669
2 0.928903 0.542498 0.140676 0.203957
2 0.142468 0.625052 0.284937 0.466187
