2 0.012101 0.560316 0.023246 0.160714
4 0.097416 0.368224 0.192153 0.364286
4 0.497258 0.399602 0.160140 0.218878
0 0.496397 0.450877 0.025829 0.143878
2 0.264092 0.381123 0.015497 0.033673
2 0.252038 0.407143 0.036161 0.076531
2 0.223196 0.416327 0.061129 0.101020
2 0.199949 0.429337 0.054241 0.133163
2 0.397542 0.406378 0.020663 0.062755
2 0.401847 0.404082 0.017219 0.067347
2 0.415622 0.417092 0.017219 0.093367
2 0.600300 0.490561 0.181665 0.203572
2 0.805871 0.573215 0.384451 0.396429
2 0.326082 0.396429 0.125702 0.244898
