2 0.101867 0.639474 0.203735 0.630809
4 0.419655 0.599615 0.038018 0.055456
2 0.539556 0.685398 0.084808 0.102247
2 0.263198 0.615212 0.009748 0.013864
2 0.284156 0.616079 0.026320 0.043325
2 0.372377 0.631675 0.027295 0.043325
2 0.393822 0.627343 0.017547 0.024262
2 0.603893 0.655937 0.010723 0.022529
2 0.630701 0.660270 0.031194 0.041592
2 0.712585 0.678466 0.042892 0.046791
2 0.669693 0.671534 0.046791 0.053723
2 0.856759 0.681932 0.061413 0.057189
2 0.905499 0.703595 0.114053 0.090116
2 0.959113 0.720058 0.078959 0.088383
2 0.902938 0.856044 0.193012 0.279012
2 0.418193 0.664891 0.062388 0.083184
2 0.330947 0.640629 0.065312 0.093582
