0 0.160362 0.427031 0.025049 0.103125
0 0.342295 0.431718 0.014502 0.046875
0 0.352842 0.428203 0.011865 0.039844
0 0.327134 0.432890 0.010547 0.053906
0 0.310655 0.436406 0.014502 0.075000
0 0.733848 0.461015 0.017139 0.063281
0 0.749668 0.463359 0.009229 0.053906
0 0.766807 0.461015 0.009229 0.063281
0 0.145201 0.431718 0.015820 0.084375
0 0.776694 0.461015 0.013184 0.063281
0 0.785923 0.459843 0.010547 0.051562
0 0.682432 0.457500 0.009229 0.051562
0 0.675181 0.443437 0.007910 0.028125
0 0.661997 0.435234 0.010547 0.025781
0 0.635630 0.443437 0.007910 0.023437
0 0.629038 0.445781 0.007910 0.023437
2 0.469517 0.434062 0.026367 0.060937
2 0.490611 0.435234 0.015820 0.025781
2 0.559165 0.441093 0.013184 0.028125
2 0.549278 0.444609 0.014502 0.035156
2 0.598716 0.446953 0.026367 0.039844
2 0.520933 0.443437 0.058008 0.084375
2 0.419419 0.441093 0.094922 0.173437
2 0.237486 0.455156 0.126562 0.145312
2 0.883481 0.552421 0.232031 0.250781
