0 0.779162 0.817710 0.013192 0.094826
0 0.799236 0.850848 0.029251 0.122356
0 0.773427 0.820259 0.023515 0.097885
0 0.742455 0.816691 0.016633 0.090748
0 0.755360 0.823318 0.018353 0.097885
0 0.881540 0.847280 0.050472 0.204947
0 0.854010 0.841672 0.033266 0.161103
0 0.903909 0.806494 0.026383 0.109101
0 0.936601 0.837593 0.026383 0.165181
0 0.968229 0.852437 0.034413 0.152946
0 0.930661 0.846319 0.032692 0.179456
0 0.515305 0.812712 0.013765 0.092787
0 0.506702 0.801496 0.006883 0.052002
2 0.506415 0.805574 0.091194 0.074434
0 0.499559 0.795317 0.012044 0.038746
0 0.488948 0.812141 0.014912 0.078512
0 0.051332 0.817239 0.016059 0.082591
2 0.346463 0.781843 0.018927 0.031609
2 0.372272 0.793569 0.025810 0.036707
2 0.331264 0.793569 0.018353 0.026511
2 0.281365 0.792550 0.018353 0.026511
2 0.246912 0.793278 0.028104 0.035687
2 0.410383 0.805004 0.063112 0.105023
2 0.307442 0.804086 0.051046 0.087689
2 0.220231 0.786717 0.058688 0.065245
5 0.841988 0.916601 0.056029 0.129278
