2 0.277037 0.779765 0.007910 0.039844
2 0.264512 0.784453 0.025049 0.044531
2 0.250669 0.789140 0.018457 0.049219
4 0.140586 0.786796 0.064600 0.067969
2 0.088511 0.764531 0.026367 0.056250
2 0.362071 0.771562 0.009229 0.032812
2 0.333067 0.776249 0.014502 0.023437
2 0.399644 0.780937 0.015820 0.046875
2 0.414146 0.780937 0.031641 0.046875
2 0.418760 0.789140 0.017139 0.044531
2 0.434580 0.792656 0.027686 0.056250
2 0.454356 0.797343 0.038232 0.065625
2 0.485337 0.804374 0.058008 0.075000
2 0.536094 0.812578 0.072510 0.110156
2 0.600694 0.826640 0.106787 0.142969
2 0.705503 0.846562 0.197754 0.196875
4 0.560484 0.745781 0.047461 0.037500
4 0.207823 0.779765 0.077783 0.119531
2 0.346910 0.785624 0.029004 0.042187
2 0.373936 0.778593 0.019775 0.028125
2 0.058848 0.850078 0.117334 0.292969
2 0.870298 0.878203 0.258398 0.241406
2 0.293880 0.768999 0.010071 0.023276
2 0.310498 0.768999 0.009064 0.019695
4 0.323087 0.767208 0.008057 0.023276
