2 0.139885 0.879493 0.217382 0.216624
2 0.306577 0.803275 0.069211 0.088449
2 0.404545 0.836169 0.109178 0.192362
2 0.548817 0.819705 0.118927 0.162901
2 0.458160 0.786778 0.017547 0.051990
2 0.344107 0.776380 0.029244 0.034660
2 0.103330 0.778113 0.046791 0.031194
2 0.171566 0.767715 0.037043 0.017330
2 0.204710 0.774647 0.023395 0.020796
2 0.256374 0.771181 0.025345 0.024262
2 0.239803 0.775514 0.009748 0.012131
2 0.282207 0.771181 0.014622 0.017330
2 0.281719 0.750385 0.013647 0.013864
4 0.733056 0.773781 0.083833 0.064121
2 0.674080 0.781579 0.028269 0.024262
