2 0.275302 0.741276 0.009177 0.016314
2 0.287347 0.753512 0.014912 0.036707
2 0.285626 0.758610 0.013765 0.034668
2 0.306274 0.751473 0.013765 0.036707
2 0.314877 0.759630 0.019501 0.036707
3 0.240316 0.734139 0.012618 0.026511
4 0.203609 0.735159 0.021795 0.032628
2 0.251787 0.749433 0.014912 0.024471
2 0.239742 0.754532 0.018353 0.022432
2 0.224830 0.729041 0.016059 0.024471
2 0.224830 0.746375 0.018353 0.022432
2 0.329789 0.750453 0.014912 0.026511
2 0.180667 0.756571 0.019501 0.034668
2 0.160019 0.756571 0.037854 0.042825
2 0.106106 0.759630 0.076855 0.065257
2 0.032692 0.771866 0.065384 0.061178
2 0.029824 0.735159 0.059649 0.097885
2 0.067678 0.760650 0.025236 0.063218
2 0.215080 0.796337 0.076855 0.093807
2 0.270140 0.769826 0.033266 0.040785
2 0.324054 0.770846 0.026383 0.038746
2 0.352157 0.765748 0.022942 0.028550
4 0.556913 0.823867 0.165181 0.201888
