4 0.305158 0.422113 0.034893 0.065024
2 0.295976 0.436941 0.023874 0.042443
4 0.275009 0.421161 0.024792 0.076723
4 0.178289 0.421161 0.029077 0.122430
4 0.124726 0.417352 0.103760 0.159976
4 0.044367 0.415990 0.087232 0.215478
4 0.231153 0.421977 0.082641 0.128960
1 0.342565 0.423687 0.010101 0.019978
0 0.523237 0.441838 0.008264 0.032648
5 0.343756 0.438301 0.011696 0.034281
0 0.497286 0.439817 0.009182 0.039178
4 0.472035 0.429206 0.021119 0.031016
2 0.488498 0.436995 0.014692 0.025139
2 0.442586 0.430792 0.009182 0.017956
2 0.417978 0.432098 0.008815 0.017303
4 0.378769 0.426711 0.013773 0.029383
4 0.351682 0.422630 0.038566 0.037545
2 0.393369 0.428507 0.018365 0.031016
2 0.457186 0.430955 0.008264 0.016324
4 0.428721 0.426874 0.011937 0.034281
2 0.450916 0.433754 0.013773 0.019589
2 0.406382 0.429673 0.009182 0.024486
0 0.506469 0.434570 0.009182 0.027751
0 0.605572 0.441838 0.009182 0.035913
0 0.989716 0.488634 0.019283 0.130593
