2 0.344511 0.517270 0.026706 0.049852
2 0.322478 0.524392 0.036053 0.049852
2 0.297775 0.531514 0.042730 0.059347
2 0.266395 0.541009 0.046736 0.064095
2 0.219659 0.539822 0.060089 0.090208
2 0.126855 0.549318 0.149555 0.151929
2 0.028042 0.581365 0.056083 0.144807
2 0.417953 0.499941 0.018694 0.018991
2 0.434644 0.498754 0.012018 0.016617
2 0.447997 0.501128 0.009347 0.021365
2 0.458680 0.503502 0.020030 0.021365
2 0.483383 0.483324 0.032048 0.023739
2 0.720401 0.519090 0.380564 0.223146
2 0.392582 0.515812 0.048071 0.061721
