2 0.015679 0.732918 0.030890 0.112881
2 0.915774 0.606308 0.161314 0.222712
2 0.061156 0.721478 0.066928 0.068644
2 0.116500 0.699359 0.066070 0.061017
2 0.164122 0.684867 0.042903 0.053390
2 0.197157 0.674952 0.038612 0.042712
2 0.220324 0.670376 0.028316 0.039661
2 0.240059 0.661986 0.021451 0.028983
2 0.784063 0.589528 0.194778 0.201356
2 0.675091 0.605545 0.074650 0.114407
2 0.625324 0.602495 0.057489 0.090000
2 0.590573 0.562071 0.061780 0.024407
2 0.521071 0.592579 0.015445 0.042712
2 0.509058 0.594867 0.020593 0.035085
2 0.497903 0.592579 0.024025 0.036610
2 0.471304 0.589528 0.006864 0.018305
2 0.476023 0.593342 0.009439 0.025932
2 0.562257 0.615461 0.078941 0.100678
2 0.414243 0.623851 0.055773 0.071695
2 0.340451 0.627664 0.030032 0.054915
2 0.305700 0.631478 0.030890 0.047288
2 0.275239 0.645969 0.026600 0.048814
2 0.441701 0.605545 0.014587 0.038136
4 0.374773 0.605545 0.023167 0.056441
4 0.409524 0.581901 0.018877 0.024407
2 0.452428 0.595906 0.013408 0.030337
