2 0.513724 0.463575 0.013647 0.019063
2 0.589759 0.485238 0.021446 0.027728
2 0.609255 0.483505 0.021446 0.038126
2 0.616079 0.487837 0.021446 0.036393
2 0.628751 0.488704 0.017547 0.034660
2 0.637524 0.489570 0.019496 0.043325
2 0.659458 0.490437 0.039967 0.048524
2 0.688702 0.498235 0.032169 0.064121
2 0.717459 0.499102 0.050690 0.069320
2 0.755963 0.504301 0.067262 0.086650
2 0.810065 0.512966 0.097481 0.117843
2 0.405520 0.456643 0.019496 0.008665
2 0.422092 0.467041 0.011698 0.019063
2 0.270022 0.501701 0.033143 0.039859
2 0.307552 0.500835 0.034118 0.038126
2 0.346057 0.497369 0.048740 0.065854
2 0.391385 0.499102 0.053614 0.079718
2 0.174491 0.508633 0.181314 0.109178
2 0.436714 0.483505 0.011698 0.017330
2 0.901210 0.532028 0.153045 0.162901
2 0.549304 0.467041 0.010723 0.019063
