2 0.409326 0.378231 0.014975 0.018858
2 0.422118 0.374904 0.011855 0.021076
2 0.457372 0.375458 0.017471 0.017749
2 0.438653 0.384333 0.019967 0.031060
2 0.472336 0.379613 0.013103 0.032169
2 0.480448 0.380168 0.011855 0.039934
2 0.489183 0.380722 0.020591 0.047699
2 0.498855 0.382386 0.028703 0.055464
2 0.541909 0.378504 0.072381 0.129786
2 0.587771 0.400135 0.091724 0.150863
2 0.696120 0.426520 0.180952 0.218529
2 0.864280 0.499733 0.270180 0.451479
2 0.392589 0.382703 0.019343 0.044371
2 0.365447 0.385476 0.052414 0.074322
2 0.329568 0.402670 0.036814 0.082087
2 0.311473 0.398233 0.026831 0.095398
2 0.276842 0.407108 0.074877 0.126458
2 0.239404 0.447781 0.127290 0.175267
2 0.120121 0.515078 0.240229 0.321693
