2 0.167365 0.518334 0.066112 0.081620
2 0.371212 0.474259 0.012855 0.022854
2 0.359275 0.478340 0.012855 0.031016
2 0.348256 0.482421 0.014692 0.042443
2 0.334024 0.489767 0.035811 0.053869
2 0.404772 0.470546 0.009182 0.014692
2 0.416250 0.475443 0.013773 0.021221
2 0.427268 0.489318 0.013773 0.019589
2 0.390998 0.475443 0.014692 0.021221
2 0.295044 0.513137 0.054175 0.066929
2 0.451142 0.500894 0.026629 0.032648
2 0.438746 0.491915 0.012855 0.024486
2 0.093951 0.521967 0.125797 0.120798
2 0.022789 0.488651 0.025710 0.040810
4 0.730284 0.503194 0.296588 0.275877
2 0.599436 0.544820 0.139571 0.163241
2 0.915265 0.504010 0.107433 0.078356
2 0.951610 0.532164 0.075295 0.068561
2 0.980075 0.541959 0.036729 0.065296
2 0.956795 0.757437 0.083828 0.300363
