2 0.033733 0.374148 0.014692 0.019589
2 0.011696 0.368434 0.018365 0.024486
2 0.046589 0.373331 0.011019 0.017956
2 0.027765 0.410877 0.028465 0.050605
2 0.010898 0.419855 0.021796 0.127328
3 0.082400 0.374148 0.044075 0.101209
2 0.120047 0.381983 0.023874 0.013059
2 0.156317 0.381167 0.019283 0.014692
2 0.178814 0.388513 0.020201 0.016324
2 0.213706 0.388513 0.047748 0.055502
2 0.221970 0.428507 0.040402 0.073458
2 0.270636 0.432588 0.091823 0.124063
2 0.369805 0.450544 0.146917 0.182830
2 0.518340 0.520738 0.266286 0.235067
2 0.584963 0.397463 0.039484 0.016324
2 0.811765 0.648490 0.371883 0.525635
2 0.133194 0.494591 0.171709 0.220375
