2 0.408691 0.434004 0.016795 0.019194
2 0.357706 0.442535 0.015595 0.019194
2 0.340911 0.444668 0.017995 0.019194
2 0.322917 0.455331 0.017995 0.019194
2 0.294125 0.460663 0.017995 0.017062
2 0.275531 0.469194 0.028791 0.025592
2 0.247939 0.476658 0.026392 0.027725
2 0.227545 0.486256 0.031191 0.034123
2 0.196354 0.490521 0.023993 0.025592
2 0.174761 0.491587 0.033590 0.031990
2 0.529255 0.414810 0.029991 0.036256
2 0.508262 0.430805 0.021594 0.042654
2 0.465074 0.444668 0.086374 0.130095
2 0.636623 0.387085 0.007198 0.023460
2 0.649820 0.392417 0.009597 0.021327
2 0.658217 0.390284 0.007198 0.029858
3 0.688208 0.379621 0.047986 0.063981
