2 0.450849 0.469352 0.010723 0.015597
2 0.443050 0.471085 0.012672 0.012131
2 0.434277 0.467619 0.006824 0.015597
2 0.431352 0.469352 0.006824 0.019063
2 0.423554 0.467619 0.010723 0.032927
2 0.419167 0.470218 0.011698 0.031194
2 0.405033 0.471951 0.028269 0.051990
2 0.376276 0.478017 0.040942 0.067587
2 0.311939 0.484949 0.105279 0.140372
2 0.270022 0.518742 0.140372 0.152503
2 0.459134 0.471085 0.007798 0.012131
2 0.464009 0.467619 0.005849 0.015597
2 0.467908 0.469352 0.007798 0.022529
2 0.478143 0.465886 0.012673 0.025995
2 0.482042 0.475417 0.012672 0.027728
2 0.487404 0.476284 0.015597 0.039859
2 0.495202 0.478017 0.017547 0.050257
2 0.499589 0.478883 0.018521 0.051990
2 0.507387 0.480616 0.020471 0.055456
2 0.517623 0.485815 0.023395 0.065854
2 0.563926 0.486682 0.090657 0.119576
2 0.581148 0.522786 0.063363 0.097048
2 0.685290 0.527118 0.187163 0.230488
2 0.863662 0.618802 0.268072 0.579562
2 0.198843 0.455529 0.092607 0.062388
2 0.059446 0.451197 0.117952 0.133440
