2 0.892971 0.683321 0.211783 0.334900
2 0.369949 0.517951 0.043293 0.066564
2 0.453024 0.515871 0.036272 0.041602
2 0.190344 0.485709 0.065524 0.047843
2 0.238316 0.475309 0.032762 0.052003
2 0.273419 0.477389 0.042123 0.043683
2 0.305010 0.477389 0.021061 0.031202
2 0.324317 0.476349 0.012871 0.020801
2 0.341472 0.482849 0.026119 0.025482
2 0.019117 0.442027 0.038234 0.106086
2 0.398031 0.507550 0.026912 0.058243
2 0.415582 0.499230 0.015211 0.041602
2 0.430208 0.510671 0.018721 0.031202
2 0.571975 0.515351 0.020683 0.018721
2 0.513076 0.505990 0.009361 0.008321
2 0.497865 0.503910 0.009361 0.012481
2 0.489674 0.497670 0.009361 0.012481
2 0.479144 0.499750 0.009361 0.016641
2 0.776049 0.538232 0.014041 0.018721
2 0.682443 0.535112 0.030422 0.029122
3 0.389633 0.471668 0.032762 0.043683
3 0.358188 0.471000 0.026912 0.033282
