2 0.312645 0.470120 0.058340 0.086713
2 0.240915 0.471820 0.125287 0.154723
2 0.440992 0.456518 0.020084 0.032305
2 0.448644 0.444616 0.020084 0.039106
2 0.470162 0.427614 0.019128 0.032305
2 0.517504 0.434415 0.023910 0.032305
2 0.511287 0.425913 0.022953 0.025504
2 0.524677 0.446316 0.021041 0.028904
2 0.532328 0.458218 0.024866 0.039106
2 0.543805 0.459918 0.030605 0.042506
2 0.415744 0.453457 0.035387 0.052708
2 0.475518 0.455158 0.017215 0.032305
2 0.494168 0.437305 0.016259 0.023804
2 0.106453 0.499430 0.210472 0.241116
4 0.666879 0.389236 0.239098 0.341751
