0 0.037754 0.531328 0.025049 0.114844
0 0.885459 0.578203 0.014502 0.044531
0 0.880186 0.568828 0.014502 0.072656
0 0.872935 0.579375 0.021094 0.084375
0 0.860410 0.585234 0.027686 0.100781
0 0.822178 0.571171 0.025049 0.119531
0 0.097081 0.506718 0.019775 0.084375
0 0.019297 0.517265 0.027686 0.124219
2 0.442491 0.533672 0.011865 0.044531
2 0.539390 0.539531 0.047461 0.093750
4 0.585532 0.519609 0.068555 0.147656
2 0.399644 0.533672 0.034277 0.044531
2 0.317906 0.524297 0.065918 0.067969
2 0.493907 0.588750 0.117334 0.173437
2 0.907871 0.603984 0.130517 0.091406
2 0.907212 0.773906 0.184570 0.450000
