2 0.556990 0.425307 0.018120 0.023427
2 0.650882 0.429699 0.046123 0.029284
0 0.501395 0.434092 0.007413 0.049783
2 0.515809 0.416521 0.016472 0.017570
2 0.490277 0.424574 0.024709 0.019035
2 0.474628 0.436288 0.024709 0.030748
2 0.452390 0.442145 0.021414 0.036605
2 0.434271 0.439949 0.019767 0.023427
2 0.396796 0.455323 0.028827 0.030748
2 0.375794 0.459715 0.023061 0.033677
2 0.348203 0.462644 0.055182 0.042462
2 0.607230 0.445295 0.054359 0.083016
2 0.535576 0.439217 0.031297 0.054176
2 0.230426 0.471429 0.114483 0.086388
3 0.542576 0.407004 0.017296 0.021963
2 0.051701 0.524873 0.102952 0.105423
