0 0.720005 0.536484 0.036914 0.096094
0 0.663975 0.579375 0.038232 0.201562
0 0.546641 0.571640 0.038232 0.166406
2 0.222325 0.534375 0.011865 0.023437
2 0.237486 0.536718 0.015820 0.028125
2 0.158384 0.540234 0.018457 0.035156
2 0.142564 0.537890 0.013184 0.039844
2 0.124766 0.543750 0.025049 0.046875
2 0.092466 0.539062 0.042187 0.056250
2 0.053575 0.544922 0.035596 0.053906
2 0.018638 0.535547 0.036914 0.082031
3 0.365367 0.473437 0.081738 0.084375
2 0.352842 0.696093 0.352002 0.431250
0 0.196617 0.525468 0.007910 0.023437
