2 0.474660 0.444032 0.011078 0.010743
2 0.463078 0.444032 0.010071 0.014324
2 0.449985 0.441346 0.010071 0.016114
2 0.438907 0.445822 0.010071 0.014324
2 0.428332 0.444927 0.007050 0.023276
4 0.416750 0.442241 0.014100 0.017905
2 0.407182 0.452984 0.009064 0.017905
2 0.399629 0.449403 0.008057 0.017905
2 0.390061 0.452984 0.011078 0.017905
2 0.368408 0.461041 0.030214 0.037599
2 0.348265 0.451194 0.018128 0.021485
2 0.332655 0.469098 0.041292 0.042971
2 0.316541 0.448508 0.023164 0.016114
2 0.303567 0.469098 0.023403 0.042971
4 0.263163 0.471784 0.061435 0.069828
2 0.205253 0.483422 0.074528 0.085942
2 0.126697 0.498641 0.090642 0.109218
2 0.563287 0.455670 0.031221 0.034019
2 0.487752 0.444032 0.015107 0.021485
2 0.548180 0.449403 0.027192 0.046552
2 0.583933 0.460146 0.034242 0.053714
2 0.599544 0.461936 0.039278 0.057294
2 0.619686 0.469993 0.037264 0.069828
2 0.668029 0.466413 0.085606 0.116379
2 0.716874 0.482527 0.086613 0.102056
2 0.782338 0.506698 0.143012 0.139655
2 0.900675 0.529974 0.196390 0.211273
2 0.983070 0.737666 0.032855 0.193369
2 0.052673 0.528183 0.103734 0.125332
2 0.513434 0.454775 0.042299 0.064456
