2 0.480521 0.498190 0.011701 0.031202
2 0.486956 0.510671 0.012871 0.031202
2 0.492807 0.510671 0.005850 0.018721
2 0.496902 0.516911 0.009361 0.035362
2 0.506263 0.521071 0.016381 0.039522
2 0.524984 0.525231 0.030422 0.060324
2 0.532589 0.532512 0.019891 0.066564
2 0.544875 0.535632 0.025742 0.093606
2 0.564766 0.537712 0.044463 0.118567
2 0.357079 0.495070 0.012871 0.024961
2 0.348303 0.531472 0.023401 0.052003
2 0.302670 0.542913 0.093606 0.128968
2 0.419677 0.560594 0.138068 0.222573
2 0.624440 0.551233 0.124027 0.162250
2 0.227201 0.580355 0.153279 0.149769
2 0.210235 0.507550 0.046803 0.033282
2 0.039405 0.505470 0.065524 0.062404
2 0.121309 0.517951 0.032762 0.045763
2 0.160507 0.511711 0.031592 0.029122
0 0.138861 0.543953 0.025742 0.110247
0 0.857869 0.538752 0.040952 0.237134
