2 0.298740 0.488906 0.087012 0.145312
2 0.686074 0.589687 0.290039 0.290625
2 0.726943 0.442031 0.047461 0.028125
2 0.841113 0.473437 0.085693 0.077344
2 0.928058 0.489843 0.043638 0.056250
2 0.858251 0.689062 0.280810 0.297656
2 0.055298 0.624780 0.110596 0.253125
2 0.369231 0.604687 0.229576 0.366562
0 0.164795 0.464765 0.010547 0.067969
0 0.175199 0.456607 0.018743 0.075089
1 0.243580 0.478515 0.036281 0.096094
5 0.243580 0.541565 0.037547 0.129370
0 0.011865 0.458789 0.023730 0.084375
0 0.472236 0.461250 0.013184 0.065625
3 0.374546 0.415078 0.043506 0.039844
0 0.197095 0.452343 0.009229 0.046875
