2 0.424041 0.429782 0.015597 0.020796
2 0.450361 0.446245 0.038992 0.053723
2 0.409907 0.427182 0.010723 0.022529
2 0.387486 0.444512 0.038018 0.060655
2 0.358242 0.427182 0.024370 0.019063
2 0.290005 0.432381 0.026320 0.053723
2 0.314376 0.447978 0.047766 0.071053
2 0.348981 0.471374 0.068237 0.076252
2 0.245164 0.415052 0.014622 0.019063
2 0.198861 0.408986 0.019496 0.027728
2 0.212996 0.415918 0.022421 0.017330
2 0.123801 0.413319 0.037043 0.029461
2 0.045329 0.412452 0.045816 0.024262
2 0.200323 0.452311 0.038018 0.058922
2 0.238341 0.463575 0.069211 0.074519
2 0.061413 0.512966 0.122826 0.201027
2 0.677491 0.395122 0.017547 0.020796
2 0.801779 0.426316 0.067262 0.069320
2 0.956446 0.474840 0.086102 0.086650
