2 0.130454 0.584440 0.068867 0.076101
2 0.070660 0.594740 0.064976 0.094680
2 0.433863 0.547672 0.011019 0.016324
2 0.446718 0.543591 0.014692 0.024486
2 0.388870 0.550121 0.011019 0.017956
2 0.367751 0.550937 0.022037 0.026119
4 0.326889 0.534613 0.063358 0.078356
2 0.498904 0.572703 0.036729 0.063664
2 0.529206 0.570254 0.053257 0.084885
2 0.582463 0.578416 0.097332 0.127328
2 0.659900 0.625756 0.146917 0.169770
2 0.024213 0.590278 0.048425 0.137122
2 0.855456 0.691487 0.287406 0.287304
2 0.285416 0.559371 0.017446 0.039178
2 0.265893 0.565279 0.036729 0.045707
2 0.320527 0.563647 0.061521 0.084885
2 0.459639 0.547323 0.018365 0.022854
2 0.380212 0.552220 0.015610 0.022854
2 0.403168 0.549771 0.015610 0.021221
