2 0.253450 0.545892 0.152070 0.159435
2 0.099918 0.561489 0.162793 0.138639
2 0.192746 0.516432 0.034145 0.038126
2 0.338746 0.514699 0.036068 0.051990
2 0.411856 0.512966 0.039967 0.048524
2 0.380662 0.504301 0.020471 0.031194
2 0.437689 0.506900 0.017547 0.025995
2 0.449386 0.499968 0.011698 0.019063
2 0.482530 0.501701 0.013647 0.029461
2 0.467420 0.493903 0.010723 0.017330
2 0.565389 0.504301 0.035093 0.041592
2 0.599507 0.495636 0.031194 0.041592
2 0.518598 0.507767 0.054589 0.090116
2 0.677491 0.522497 0.126725 0.171566
4 0.387974 0.479172 0.023395 0.029461
