2 0.765538 0.414582 0.187674 0.310500
2 0.860460 0.379868 0.026036 0.086786
2 0.679279 0.345857 0.053156 0.063000
2 0.021877 0.439393 0.042308 0.217928
2 0.376614 0.386035 0.040138 0.048214
2 0.344611 0.378000 0.032545 0.034714
2 0.324542 0.366750 0.018442 0.025071
2 0.277895 0.358071 0.018442 0.019286
2 0.499198 0.354214 0.042308 0.042429
2 0.473705 0.351643 0.021696 0.019286
2 0.447669 0.356786 0.034714 0.038571
2 0.419464 0.356143 0.021696 0.027000
2 0.397225 0.350357 0.022781 0.027000
2 0.534455 0.353571 0.026036 0.030857
