2 0.058219 0.594000 0.104625 0.087000
3 0.429328 0.501000 0.039656 0.069000
4 0.370266 0.502000 0.053156 0.069000
2 0.396281 0.571000 0.042187 0.060000
2 0.373922 0.561000 0.022781 0.048000
2 0.352406 0.561000 0.030375 0.069000
4 0.148078 0.545500 0.083531 0.156000
2 0.892266 0.583000 0.061594 0.042000
2 0.822656 0.570750 0.075937 0.040500
2 0.759797 0.561000 0.039656 0.042000
2 0.691453 0.555750 0.043031 0.043500
3 0.263310 0.503250 0.149344 0.376500
2 0.019406 0.705000 0.038812 0.132000
2 0.494920 0.662250 0.205875 0.334500
