2 0.443504 0.500333 0.012855 0.022854
2 0.400807 0.494619 0.024792 0.057134
2 0.384738 0.501965 0.033056 0.055502
2 0.364537 0.508495 0.027547 0.058767
2 0.353059 0.518289 0.030302 0.065296
2 0.314034 0.517473 0.071622 0.109371
2 0.267664 0.535429 0.100087 0.128960
2 0.185941 0.560732 0.145998 0.195889
2 0.465083 0.497884 0.010101 0.024486
2 0.476102 0.497068 0.015610 0.039178
2 0.488957 0.497884 0.015610 0.044075
2 0.501812 0.498700 0.028465 0.058767
2 0.524768 0.505230 0.043157 0.078356
2 0.561956 0.520738 0.078968 0.096312
0 0.642593 0.502508 0.022037 0.081620
2 0.087607 0.589025 0.175215 0.352600
2 0.763799 0.588209 0.233230 0.272612
2 0.876986 0.733305 0.243454 0.524750
