2 0.426611 0.350510 0.009471 0.016837
2 0.416279 0.352041 0.011193 0.013776
2 0.408100 0.352806 0.010332 0.018367
2 0.384853 0.353572 0.013776 0.022959
2 0.373661 0.353572 0.012054 0.016837
2 0.337931 0.371174 0.061129 0.073469
2 0.448307 0.350510 0.009471 0.015306
2 0.457778 0.347449 0.012915 0.024490
2 0.465096 0.348980 0.015497 0.027551
2 0.480852 0.351021 0.021524 0.036735
2 0.488170 0.357908 0.015497 0.032143
2 0.494627 0.356378 0.014636 0.044388
2 0.508833 0.355612 0.025829 0.048980
2 0.508833 0.360970 0.018941 0.047449
2 0.526914 0.366327 0.039605 0.048980
2 0.711875 0.384464 0.145080 0.155079
2 0.865022 0.433523 0.267205 0.235067
2 0.559201 0.333011 0.023874 0.022854
2 0.582157 0.337908 0.014692 0.009794
2 0.598685 0.338724 0.025710 0.014692
2 0.627150 0.338724 0.031220 0.017956
