2 0.499180 0.534843 0.014502 0.014062
2 0.523570 0.545390 0.013184 0.035156
2 0.494566 0.551250 0.039551 0.023437
2 0.574326 0.554765 0.040869 0.067969
2 0.626402 0.555937 0.036914 0.060937
2 0.654087 0.566484 0.052734 0.072656
2 0.713413 0.531328 0.023730 0.021094
4 0.520933 0.520781 0.013184 0.018750
4 0.625742 0.518437 0.032959 0.028125
4 0.549937 0.532500 0.039551 0.098437
2 0.758237 0.573515 0.050098 0.072656
2 0.704185 0.581718 0.081738 0.084375
2 0.593443 0.581718 0.063281 0.084375
2 0.490611 0.652031 0.131836 0.192187
4 0.936875 0.492656 0.125244 0.112500
2 0.855137 0.698906 0.288721 0.356250
