2 0.427986 0.443766 0.012433 0.039106
2 0.412205 0.451417 0.021041 0.047607
2 0.362951 0.453117 0.016259 0.027204
2 0.344779 0.455668 0.023910 0.042506
2 0.318479 0.465869 0.038256 0.052708
2 0.482500 0.449717 0.029648 0.040806
2 0.705339 0.412311 0.064078 0.068010
2 0.747420 0.413161 0.031561 0.059509
2 0.033474 0.535920 0.066947 0.112217
2 0.163543 0.499364 0.093726 0.103715
2 0.260139 0.482362 0.086075 0.110516
2 0.390686 0.458558 0.037299 0.059509
2 0.448548 0.453457 0.042081 0.066310
0 0.096117 0.491940 0.025823 0.064610
0 0.719526 0.444616 0.022953 0.073111
0 0.742885 0.434436 0.019939 0.083269
