2 0.489897 0.373914 0.012989 0.019539
2 0.474909 0.374803 0.018984 0.024868
2 0.439438 0.376579 0.007993 0.017763
2 0.452428 0.377467 0.023980 0.033750
2 0.421953 0.382796 0.016986 0.033750
2 0.397972 0.379243 0.028976 0.055066
2 0.376990 0.389901 0.032973 0.047961
2 0.343018 0.397895 0.060950 0.063947
2 0.089726 0.428980 0.177854 0.278882
2 0.628283 0.369474 0.031974 0.053289
2 0.676243 0.390789 0.067944 0.092368
2 0.569831 0.468059 0.180851 0.243355
2 0.766169 0.420987 0.125896 0.152763
2 0.935030 0.508026 0.129893 0.358816
