0 0.455889 0.772469 0.016381 0.097766
0 0.441263 0.777967 0.019891 0.091525
0 0.055725 0.750479 0.014041 0.043683
0 0.037588 0.767863 0.015211 0.070724
0 0.019452 0.765783 0.014041 0.074884
0 0.186334 0.771726 0.011701 0.035362
2 0.550401 0.769022 0.016381 0.022881
2 0.538700 0.771102 0.014041 0.039522
2 0.620020 0.772142 0.010531 0.020801
2 0.657462 0.778383 0.010531 0.029122
2 0.423448 0.767982 0.012871 0.024961
2 0.400632 0.769022 0.016381 0.027042
2 0.381911 0.772142 0.032762 0.037442
2 0.345054 0.779423 0.036272 0.052003
2 0.364360 0.738860 0.039782 0.037442
2 0.312292 0.762782 0.036272 0.052003
2 0.281285 0.769022 0.042123 0.047843
2 0.108700 0.775263 0.101796 0.072804
2 0.852981 0.745101 0.292518 0.220493
4 0.502691 0.754640 0.065524 0.114407
4 0.212514 0.733838 0.102966 0.139368
2 0.588740 0.772073 0.012871 0.018721
2 0.569434 0.776233 0.023401 0.031202
2 0.671815 0.786634 0.026912 0.035362
2 0.630863 0.782474 0.026912 0.031202
