2 0.396847 0.431234 0.004992 0.007765
2 0.394975 0.436781 0.006240 0.007765
2 0.390607 0.439554 0.007488 0.011093
2 0.381871 0.437890 0.009984 0.025514
2 0.368768 0.442882 0.026207 0.035497
2 0.340065 0.452311 0.031199 0.080978
2 0.323218 0.459521 0.047422 0.090961
2 0.404022 0.437890 0.004368 0.012202
2 0.412446 0.437890 0.017471 0.021076
2 0.424613 0.440109 0.006864 0.012202
2 0.429293 0.440663 0.006240 0.015530
2 0.434909 0.438445 0.007488 0.019967
2 0.445517 0.440663 0.018719 0.028841
2 0.227251 0.439055 0.172216 0.277321
