2 0.360711 0.523458 0.017446 0.016324
2 0.335919 0.526723 0.019283 0.019589
2 0.318472 0.526723 0.013773 0.019589
2 0.295057 0.529172 0.027547 0.024486
2 0.266133 0.527539 0.032138 0.031016
2 0.116462 0.539782 0.063358 0.045707
2 0.446565 0.527539 0.014692 0.027751
4 0.461716 0.502237 0.019283 0.026119
4 0.487872 0.511560 0.033974 0.062031
4 0.525519 0.511560 0.032138 0.052237
4 0.693245 0.486807 0.196203 0.210580
2 0.461594 0.531675 0.021119 0.034281
2 0.480417 0.540653 0.036729 0.045707
2 0.423946 0.544734 0.046830 0.066929
2 0.611265 0.550447 0.070704 0.078356
2 0.545611 0.565139 0.082641 0.088150
4 0.926034 0.495979 0.145998 0.047340
