2 0.048961 0.580781 0.097559 0.122812
2 0.298130 0.489843 0.421875 0.332812
2 0.524888 0.505078 0.042187 0.124219
2 0.619810 0.502734 0.168750 0.166406
2 0.713420 0.476116 0.058008 0.084375
2 0.758904 0.473772 0.035596 0.060937
2 0.795818 0.469084 0.038232 0.060937
2 0.830095 0.466741 0.030322 0.051562
2 0.853825 0.463225 0.014502 0.058594
2 0.870964 0.457366 0.019775 0.046875
2 0.898650 0.455022 0.009229 0.042187
2 0.943945 0.451953 0.026367 0.039844
2 0.968993 0.449609 0.023730 0.039844
2 0.993515 0.438750 0.010547 0.071250
