2 0.351372 0.428644 0.026600 0.024407
2 0.338501 0.424830 0.018019 0.022881
2 0.289163 0.421780 0.018877 0.028983
2 0.304179 0.425593 0.033464 0.036610
2 0.275005 0.424068 0.016303 0.024407
2 0.252696 0.428644 0.042044 0.039661
2 0.220519 0.420254 0.024025 0.025932
2 0.193490 0.418729 0.038612 0.035085
2 0.149730 0.421017 0.031748 0.030508
2 0.514830 0.430932 0.008581 0.010678
2 0.499385 0.427881 0.006864 0.010678
2 0.505821 0.433983 0.012871 0.019831
2 0.490805 0.429407 0.010297 0.010678
2 0.481366 0.430169 0.010297 0.012203
2 0.462918 0.429407 0.009439 0.013729
2 0.456054 0.428644 0.011155 0.012203
2 0.444899 0.428644 0.019735 0.018305
2 0.426022 0.427881 0.016303 0.013729
2 0.411006 0.427119 0.015445 0.018305
2 0.605355 0.445424 0.026600 0.024407
2 0.581329 0.446186 0.018019 0.025932
2 0.553014 0.439322 0.016303 0.024407
2 0.510111 0.445424 0.014587 0.030508
2 0.531133 0.473644 0.054915 0.074746
2 0.640964 0.457627 0.017161 0.024407
2 0.655551 0.464491 0.020593 0.025932
2 0.677002 0.460678 0.027458 0.036610
2 0.713469 0.469830 0.031748 0.042712
2 0.747362 0.478220 0.061780 0.065593
2 0.861912 0.504915 0.102108 0.094576
0 0.814581 0.473426 0.006864 0.028983
0 0.806859 0.474189 0.006864 0.033559
0 0.847187 0.452070 0.010297 0.016780
0 0.942002 0.496307 0.012871 0.062542
