2 0.102355 0.558890 0.202760 0.365661
2 0.010723 0.441046 0.021446 0.039859
2 0.893899 0.577953 0.206659 0.438447
2 0.336309 0.510366 0.091632 0.109178
2 0.539069 0.488704 0.054589 0.110911
2 0.588784 0.493036 0.035093 0.039859
2 0.444512 0.474840 0.027295 0.051990
2 0.389923 0.493903 0.019496 0.038126
2 0.418680 0.481772 0.014622 0.027728
2 0.477656 0.481772 0.021446 0.038126
2 0.508850 0.481772 0.015597 0.034660
2 0.564901 0.481772 0.008773 0.027728
2 0.492278 0.479172 0.005849 0.019063
0 0.239803 0.493903 0.011698 0.051990
0 0.224693 0.494769 0.008773 0.043325
0 0.274408 0.493036 0.008773 0.050257
2 0.605843 0.491303 0.012673 0.022529
1 0.263686 0.495636 0.014622 0.041592
5 0.265148 0.510366 0.017547 0.029461
