2 0.310185 0.459763 0.028316 0.036610
2 0.461631 0.452136 0.036038 0.061017
2 0.472786 0.459763 0.034322 0.073220
2 0.483512 0.455186 0.031748 0.082373
2 0.519121 0.447559 0.049767 0.094576
2 0.560736 0.456712 0.081515 0.100678
2 0.642251 0.473491 0.134714 0.122034
2 0.811001 0.500339 0.225667 0.192203
2 0.224809 0.463729 0.032606 0.039661
2 0.194348 0.469068 0.026600 0.041186
2 0.163888 0.466780 0.034322 0.042712
2 0.128279 0.475551 0.057489 0.056441
2 0.265567 0.461822 0.047193 0.053390
2 0.356091 0.475551 0.063496 0.086949
2 0.417013 0.455720 0.053199 0.065593
2 0.028745 0.482797 0.057489 0.117458
2 0.924550 0.531152 0.148443 0.247119
