2 0.492791 0.401533 0.011471 0.014275
2 0.488776 0.408671 0.010324 0.016314
2 0.481893 0.412749 0.010324 0.016314
2 0.474437 0.416828 0.009177 0.016314
2 0.468128 0.421926 0.010324 0.022432
2 0.462393 0.430083 0.014912 0.026511
2 0.480746 0.429063 0.014912 0.020393
2 0.443351 0.438954 0.012618 0.030589
2 0.411233 0.427738 0.019501 0.008157
2 0.392305 0.440993 0.013765 0.026511
2 0.383129 0.453229 0.025236 0.042825
2 0.356172 0.450170 0.037854 0.065257
2 0.317745 0.463425 0.059649 0.067296
2 0.418689 0.463425 0.057355 0.075453
2 0.567811 0.432836 0.012618 0.022432
2 0.578708 0.439974 0.018353 0.036707
2 0.613694 0.449150 0.044737 0.055060
2 0.518486 0.468523 0.086032 0.134592
2 0.931482 0.519199 0.134210 0.240634
2 0.144577 0.591594 0.287920 0.316088
2 0.811267 0.574056 0.258096 0.246752
