4 0.132245 0.354949 0.049592 0.044082
2 0.185969 0.354031 0.024796 0.027551
2 0.223163 0.354031 0.028929 0.023878
2 0.254158 0.354031 0.026862 0.020204
0 0.626097 0.406377 0.007232 0.029388
0 0.619381 0.404541 0.008265 0.033061
0 0.612149 0.415561 0.008265 0.029388
0 0.648310 0.403622 0.008265 0.020204
0 0.690669 0.409133 0.008265 0.027551
2 0.593810 0.420153 0.012398 0.016531
2 0.549901 0.417398 0.013431 0.014694
2 0.566948 0.421990 0.018597 0.027551
2 0.532337 0.416480 0.011365 0.012857
2 0.501342 0.418316 0.011365 0.012857
2 0.490494 0.421990 0.012398 0.020204
2 0.474997 0.422908 0.020663 0.033061
2 0.449684 0.423826 0.033061 0.034898
2 0.392344 0.431173 0.011365 0.042245
2 0.375813 0.431173 0.027895 0.042245
2 0.411974 0.429337 0.036161 0.038571
2 0.327254 0.433010 0.045459 0.056939
2 0.344818 0.444031 0.080587 0.060612
2 0.221355 0.441275 0.114681 0.117551
2 0.079037 0.431173 0.158074 0.211224
2 0.519939 0.469745 0.075421 0.108367
2 0.580896 0.449541 0.036161 0.045918
2 0.632037 0.447704 0.041327 0.049592
2 0.667423 0.424745 0.029962 0.058775
2 0.757825 0.453214 0.070255 0.075306
2 0.931655 0.582704 0.134311 0.275510
4 0.049431 0.340047 0.070206 0.043302
