2 0.047169 0.739682 0.093038 0.271663
2 0.050509 0.641273 0.099275 0.151540
2 0.108059 0.632218 0.031706 0.035113
2 0.127550 0.619281 0.016632 0.009240
2 0.136906 0.632680 0.023909 0.019405
2 0.154578 0.631756 0.009356 0.019405
2 0.162374 0.626674 0.006237 0.016632
2 0.294914 0.627136 0.022870 0.043429
2 0.236181 0.628060 0.012474 0.032341
2 0.203436 0.626674 0.005198 0.011088
4 0.145794 0.616094 0.019231 0.012936
4 0.182697 0.596227 0.028587 0.039733
4 0.304062 0.602695 0.031186 0.067454
2 0.182177 0.641273 0.045219 0.054517
2 0.264040 0.630185 0.050937 0.072998
