2 0.306022 0.402874 0.013155 0.036142
2 0.295259 0.400748 0.020330 0.040394
2 0.276126 0.407126 0.027505 0.048898
2 0.240250 0.403937 0.051422 0.068032
2 0.349193 0.387992 0.026309 0.053150
2 0.410182 0.399685 0.016742 0.029764
2 0.451440 0.411378 0.044247 0.057402
2 0.202101 0.418819 0.074144 0.080787
2 0.322884 0.403937 0.033484 0.046772
2 0.377894 0.407126 0.050226 0.074409
2 0.520202 0.427323 0.095669 0.127559
3 0.431110 0.387992 0.032288 0.065906
3 0.406595 0.369921 0.021526 0.029764
4 0.378492 0.358228 0.027505 0.023386
5 0.003588 0.477284 0.007175 0.057402
2 0.824430 0.434764 0.284616 0.325276
2 0.971522 0.479410 0.055010 0.180709
