2 0.465092 0.537135 0.010071 0.021485
2 0.483220 0.536670 0.018128 0.016973
2 0.506384 0.532659 0.012086 0.019695
2 0.519477 0.536240 0.012086 0.019695
2 0.417757 0.547878 0.020143 0.035809
2 0.396104 0.561306 0.021150 0.041180
2 0.348614 0.573840 0.079873 0.069828
2 0.109263 0.594430 0.218164 0.193369
0 0.543145 0.562202 0.027192 0.128912
5 0.604076 0.670524 0.050356 0.198740
1 0.603069 0.601592 0.060428 0.250663
2 0.566309 0.549669 0.025178 0.053714
2 0.664000 0.588163 0.077549 0.159350
2 0.768833 0.558621 0.105566 0.078780
2 0.849625 0.681267 0.299744 0.291844
