0 0.144155 0.474496 0.015440 0.066128
0 0.170122 0.478239 0.011229 0.051155
0 0.184861 0.472001 0.009826 0.051155
0 0.856227 0.466386 0.023862 0.109797
2 0.005194 0.510554 0.009826 0.074861
2 0.062541 0.498036 0.110731 0.096072
2 0.270203 0.477366 0.043513 0.049908
2 0.314769 0.469256 0.044215 0.048660
2 0.340385 0.450541 0.012633 0.016220
2 0.403549 0.465076 0.021055 0.024954
2 0.419341 0.465076 0.013335 0.022458
2 0.567075 0.461957 0.011229 0.031192
2 0.583919 0.472562 0.029477 0.072366
2 0.608833 0.480672 0.038600 0.096072
2 0.649188 0.490654 0.080008 0.116035
2 0.667085 0.510617 0.070884 0.128512
2 0.472328 0.456966 0.005615 0.011229
4 0.432324 0.455407 0.018247 0.029945
4 0.463205 0.454159 0.009826 0.017468
4 0.483908 0.452287 0.010527 0.008734
2 0.479697 0.462269 0.007720 0.013725
2 0.224935 0.482357 0.066673 0.062384
2 0.364247 0.471751 0.061761 0.076109
2 0.523562 0.494834 0.098256 0.152218
2 0.774113 0.538004 0.186685 0.207116
