0 0.303653 0.400321 0.016572 0.027728
0 0.692114 0.488704 0.009748 0.034660
0 0.699425 0.485238 0.008773 0.041592
0 0.706736 0.480905 0.007798 0.036393
0 0.712097 0.481772 0.008773 0.045058
0 0.751479 0.481772 0.010723 0.031194
0 0.783648 0.467041 0.008773 0.012131
3 0.615786 0.457510 0.047376 0.083184
2 0.491791 0.467908 0.010723 0.020796
2 0.480580 0.469641 0.011698 0.020796
2 0.465471 0.472240 0.012673 0.022529
2 0.417218 0.462709 0.066287 0.076252
2 0.408444 0.482638 0.062388 0.071053
2 0.309014 0.462709 0.093582 0.114377
2 0.287081 0.496502 0.104304 0.136906
2 0.125750 0.460976 0.251500 0.204493
2 0.077010 0.565822 0.152070 0.209692
2 0.525909 0.502568 0.078959 0.114377
2 0.563439 0.471374 0.027295 0.048524
2 0.643373 0.471374 0.015597 0.041592
2 0.593658 0.486971 0.050690 0.065854
2 0.667743 0.482638 0.040942 0.046791
2 0.776824 0.500835 0.057514 0.062388
2 0.813380 0.508633 0.060438 0.074519
2 0.907091 0.525096 0.185473 0.197561
