2 0.590765 0.599875 0.012614 0.020183
2 0.589503 0.614451 0.015137 0.022425
2 0.580043 0.625664 0.016398 0.035880
2 0.566167 0.633513 0.023967 0.056063
2 0.635545 0.605481 0.011353 0.022425
2 0.644375 0.613330 0.008830 0.020183
2 0.653836 0.613330 0.007569 0.024668
2 0.687894 0.615573 0.015137 0.029153
2 0.696724 0.621179 0.017660 0.035880
2 0.667081 0.617068 0.016398 0.029153
2 0.720060 0.625664 0.026490 0.044850
2 0.738982 0.625664 0.029013 0.053821
2 0.753488 0.627907 0.032797 0.049336
0 0.810252 0.625664 0.012614 0.053821
0 0.846833 0.636877 0.015137 0.071761
2 0.779347 0.635755 0.049195 0.060548
2 0.540308 0.653696 0.052980 0.078488
