2 0.503919 0.352053 0.009356 0.016632
2 0.495343 0.356211 0.014034 0.019405
2 0.471919 0.360369 0.027288 0.030493
2 0.438689 0.377002 0.042101 0.049897
2 0.404956 0.371755 0.024169 0.045739
2 0.377876 0.381622 0.032745 0.044353
2 0.320183 0.392710 0.067050 0.072074
2 0.200897 0.419738 0.104472 0.115041
2 0.512603 0.354231 0.009356 0.011088
2 0.521569 0.356310 0.010135 0.018018
2 0.528586 0.359082 0.010135 0.020791
2 0.537162 0.359082 0.010135 0.023563
2 0.543399 0.362548 0.014813 0.019405
2 0.549636 0.368785 0.013254 0.031879
2 0.570297 0.360468 0.034304 0.056827
2 0.588229 0.375715 0.043660 0.065144
2 0.627601 0.392347 0.072507 0.084548
2 0.731152 0.438681 0.168403 0.167710
