2 0.423837 0.447383 0.010091 0.011213
2 0.433298 0.449626 0.011353 0.011213
2 0.444650 0.455232 0.008830 0.017940
2 0.461049 0.466445 0.011353 0.022425
2 0.466094 0.475415 0.013876 0.026910
2 0.479466 0.482143 0.013876 0.026910
2 0.490818 0.488870 0.013876 0.035880
2 0.499018 0.489991 0.015137 0.038123
2 0.518443 0.496719 0.036833 0.051578
4 0.353071 0.448505 0.013876 0.017940
4 0.375146 0.442898 0.012614 0.015698
2 0.356477 0.476536 0.017660 0.033638
2 0.333772 0.484385 0.030274 0.049336
2 0.253671 0.457475 0.021444 0.013455
2 0.242949 0.484385 0.027751 0.044850
2 0.251149 0.497840 0.039104 0.053821
2 0.300975 0.459717 0.015137 0.017940
2 0.281423 0.463081 0.016398 0.015698
2 0.300344 0.474294 0.021444 0.015698
2 0.278269 0.479900 0.015137 0.013455
2 0.294668 0.512417 0.060548 0.069518
2 0.406303 0.555025 0.129926 0.204070
2 0.204981 0.478143 0.031335 0.041779
2 0.176910 0.470019 0.030029 0.016248
2 0.142964 0.482785 0.040474 0.037137
2 0.178868 0.514120 0.078337 0.076596
2 0.084212 0.629013 0.168423 0.320309
2 0.960074 0.568530 0.072973 0.115784
2 0.855043 0.545454 0.124033 0.083559
0 0.555928 0.503675 0.010445 0.051064
0 0.869405 0.564023 0.027418 0.125338
2 0.581126 0.497872 0.009139 0.053385
4 0.404212 0.440244 0.029648 0.035705
