2 0.049228 0.604814 0.092607 0.055456
2 0.120389 0.587484 0.028269 0.013864
2 0.117464 0.603081 0.026320 0.013864
2 0.194474 0.588351 0.038018 0.019063
2 0.291955 0.597882 0.026320 0.024262
2 0.256374 0.623011 0.077985 0.071053
2 0.317982 0.615559 0.052640 0.055456
2 0.347227 0.606894 0.021446 0.038126
2 0.408152 0.608627 0.026320 0.058922
2 0.422287 0.609493 0.009748 0.036393
2 0.435447 0.605161 0.026320 0.024262
2 0.456405 0.605161 0.023395 0.017330
2 0.512944 0.609493 0.027295 0.025995
2 0.564121 0.602561 0.030219 0.022529
2 0.567046 0.607760 0.026320 0.019063
2 0.582155 0.612093 0.040942 0.020796
2 0.629921 0.613826 0.021446 0.013864
2 0.784135 0.614519 0.023395 0.020796
2 0.818741 0.616252 0.041917 0.020796
2 0.148658 0.639474 0.145246 0.100514
2 0.378225 0.621278 0.064337 0.077985
2 0.480580 0.607414 0.040942 0.029461
2 0.658970 0.623011 0.046791 0.057189
2 0.959601 0.623877 0.017547 0.017330
