2 0.567338 0.500835 0.025345 0.020796
2 0.482042 0.519031 0.024370 0.022529
2 0.530783 0.509500 0.018521 0.027728
2 0.510312 0.514699 0.028269 0.031194
2 0.639474 0.508633 0.027295 0.029461
2 0.729644 0.546759 0.106254 0.133440
2 0.444512 0.529429 0.033143 0.036393
2 0.405033 0.529429 0.039967 0.039859
2 0.612179 0.497369 0.015597 0.017330
2 0.238828 0.569288 0.083833 0.074519
4 0.902185 0.623877 0.192037 0.710527
2 0.147196 0.573620 0.052640 0.048524
2 0.089195 0.577953 0.057514 0.050257
2 0.029244 0.577953 0.058488 0.067587
