2 0.598716 0.485625 0.013184 0.023437
2 0.589488 0.485625 0.018457 0.042187
2 0.494566 0.520781 0.071191 0.126562
2 0.325816 0.503203 0.060644 0.072656
2 0.660020 0.486797 0.014502 0.030469
2 0.675181 0.493828 0.026367 0.044531
2 0.700889 0.523125 0.032959 0.093750
2 0.726597 0.534843 0.050098 0.093750
2 0.781968 0.536015 0.081738 0.128906
2 0.828770 0.555937 0.088330 0.150000
2 0.570371 0.504375 0.035596 0.056250
2 0.391075 0.568828 0.170068 0.171094
2 0.117425 0.628593 0.234849 0.309375
2 0.920395 0.588750 0.158203 0.248437
