2 0.813354 0.474520 0.186555 0.186236
2 0.704530 0.453898 0.069360 0.116929
2 0.650118 0.443268 0.070556 0.082913
0 0.533521 0.402874 0.014350 0.040394
2 0.495253 0.399685 0.035876 0.042520
2 0.459377 0.396496 0.031093 0.031890
2 0.406759 0.386929 0.014350 0.017008
2 0.317667 0.396496 0.039464 0.031890
2 0.354739 0.393307 0.034680 0.034016
2 0.261461 0.396496 0.020330 0.019134
2 0.284781 0.397559 0.019134 0.021260
2 0.116761 0.413504 0.084907 0.044646
2 0.174163 0.411378 0.032288 0.036142
2 0.433068 0.385866 0.016742 0.023386
