2 0.234668 0.563671 0.013184 0.025781
2 0.207641 0.575390 0.011865 0.030469
2 0.171387 0.577734 0.044824 0.053906
2 0.151611 0.581250 0.063281 0.051562
2 0.129858 0.591796 0.067236 0.058594
2 0.116016 0.594140 0.087012 0.063281
2 0.245874 0.564843 0.014502 0.023437
2 0.337500 0.622265 0.150293 0.236719
5 0.522070 0.551953 0.034277 0.067969
5 0.528662 0.551953 0.042187 0.063281
5 0.559643 0.561328 0.054053 0.053906
5 0.551074 0.554296 0.044824 0.053906
1 0.269604 0.558984 0.027686 0.058594
6 0.270923 0.591796 0.032959 0.058594
0 0.408691 0.553125 0.015820 0.070312
0 0.436377 0.566015 0.036914 0.119531
0 0.197754 0.573046 0.013184 0.063281
4 0.087012 0.529663 0.034277 0.051610
2 0.096899 0.517382 0.014502 0.016406
2 0.007257 0.763229 0.014515 0.199843
