2 0.809662 0.432443 0.155149 0.152464
2 0.076405 0.599461 0.152811 0.292454
2 0.183607 0.525308 0.099015 0.205133
2 0.255334 0.498973 0.056914 0.110883
2 0.298994 0.478183 0.025728 0.066530
2 0.325112 0.458085 0.024949 0.054055
2 0.599547 0.551642 0.171522 0.185729
2 0.492444 0.489964 0.087320 0.117813
2 0.436309 0.460857 0.053016 0.081776
2 0.405903 0.452541 0.023389 0.037423
2 0.391479 0.440067 0.011695 0.018018
2 0.375107 0.435908 0.013254 0.018018
2 0.347722 0.444918 0.014034 0.022177
2 0.952088 0.425063 0.094683 0.119018
