2 0.471147 0.527689 0.012895 0.028019
2 0.485475 0.531510 0.012895 0.025472
2 0.495505 0.539151 0.018626 0.030566
2 0.506250 0.541699 0.020059 0.035660
2 0.516280 0.545519 0.025790 0.038208
2 0.542786 0.549340 0.032954 0.040755
2 0.423149 0.536604 0.017193 0.025472
2 0.395210 0.541699 0.018626 0.025472
2 0.367270 0.548067 0.031521 0.038208
2 0.331451 0.546793 0.040118 0.045849
2 0.187456 0.572265 0.090265 0.096793
2 0.266259 0.567170 0.087400 0.096793
2 0.054923 0.602831 0.108892 0.157925
2 0.450372 0.530661 0.017193 0.030566
4 0.433895 0.518774 0.012895 0.025472
