2 0.924124 0.462219 0.148858 0.126954
2 0.646525 0.447914 0.022127 0.041126
2 0.806949 0.455066 0.091527 0.109073
2 0.609310 0.439868 0.010058 0.017881
2 0.619871 0.439868 0.009052 0.017881
2 0.346295 0.477417 0.023133 0.035762
2 0.311092 0.480099 0.049284 0.048278
2 0.264826 0.489040 0.037214 0.048278
2 0.377475 0.471159 0.029168 0.037550
2 0.409660 0.465795 0.031180 0.033974
2 0.446372 0.460430 0.022127 0.030397
2 0.465482 0.454172 0.012070 0.032185
2 0.499679 0.448808 0.022127 0.028609
2 0.761185 0.447020 0.036209 0.082252
2 0.740064 0.441656 0.050290 0.078675
2 0.702346 0.445232 0.021122 0.046490
2 0.682733 0.443444 0.020116 0.035762
2 0.668149 0.440762 0.019110 0.030397
2 0.522309 0.447020 0.015087 0.025033
