2 0.601354 0.491682 0.009560 0.021853
2 0.595891 0.494110 0.009560 0.021853
2 0.590428 0.495324 0.009560 0.024281
2 0.584965 0.494110 0.012292 0.021853
2 0.577453 0.496538 0.019121 0.026709
2 0.613647 0.495324 0.023218 0.033993
2 0.620202 0.506250 0.019940 0.031565
2 0.560518 0.502608 0.019121 0.024281
2 0.544948 0.498966 0.019121 0.026709
2 0.528558 0.500180 0.019121 0.029137
2 0.512852 0.496538 0.017755 0.016996
2 0.502608 0.506250 0.027316 0.026709
4 0.530334 0.489011 0.045071 0.048561
2 0.725914 0.491075 0.062826 0.058273
2 0.868638 0.481363 0.072387 0.072842
2 0.949447 0.468615 0.099702 0.121403
