2 0.244593 0.688217 0.039296 0.047203
2 0.215917 0.691993 0.024427 0.039650
2 0.120863 0.682552 0.091337 0.134056
2 0.051298 0.693881 0.100896 0.160489
4 0.326372 0.684440 0.111517 0.194475
4 0.501612 0.671224 0.081779 0.160489
0 0.603039 0.702377 0.021241 0.071748
0 0.440012 0.673112 0.005310 0.035874
0 0.424613 0.667447 0.008497 0.016993
0 0.622156 0.711818 0.014869 0.090629
0 0.644991 0.712762 0.013807 0.069860
0 0.767659 0.730699 0.033986 0.158601
0 0.945554 0.755244 0.052041 0.200140
5 0.677914 0.760909 0.039296 0.079301
0 0.196269 0.698601 0.014869 0.060420
