2 0.399579 0.492990 0.010531 0.024962
2 0.360967 0.484669 0.022231 0.037442
2 0.346926 0.475309 0.008190 0.022881
2 0.314164 0.491950 0.033932 0.056163
2 0.279647 0.470108 0.014041 0.016641
2 0.209443 0.463868 0.009361 0.020801
2 0.193647 0.458668 0.019891 0.022881
2 0.180191 0.458668 0.014041 0.022881
2 0.135728 0.450347 0.053823 0.039522
2 0.244545 0.499230 0.072544 0.079045
2 0.332300 0.520031 0.060844 0.079045
2 0.420640 0.517951 0.045633 0.074884
2 0.389048 0.502350 0.026912 0.039522
2 0.937811 0.749677 0.024571 0.033282
2 0.957702 0.755917 0.019891 0.037442
2 0.904464 0.707034 0.030422 0.002080
2 0.899199 0.693514 0.017551 0.020801
2 0.880478 0.743437 0.019891 0.020801
2 0.985199 0.787119 0.028082 0.033282
2 0.775571 0.675833 0.105678 0.072804
