0 0.456342 0.534000 0.009560 0.026709
0 0.447465 0.552210 0.008195 0.038849
0 0.440636 0.550996 0.008195 0.046133
2 0.414686 0.543712 0.021853 0.031565
2 0.474098 0.563136 0.061460 0.114119
2 0.228939 0.538856 0.013658 0.021853
2 0.204355 0.536428 0.043705 0.036421
2 0.289717 0.543712 0.009560 0.031565
2 0.364835 0.535561 0.075118 0.121403
2 0.553996 0.582908 0.147505 0.191817
2 0.323178 0.537989 0.010926 0.043705
2 0.262401 0.524287 0.053266 0.075270
0 0.129237 0.524287 0.008195 0.036421
2 0.050705 0.541284 0.020487 0.026709
2 0.003841 0.519431 0.007683 0.041277
