4 0.226343 0.386880 0.084477 0.114268
4 0.285110 0.404021 0.038566 0.083253
2 0.437536 0.432121 0.017446 0.022854
2 0.412744 0.432121 0.021119 0.016324
2 0.424222 0.419878 0.020201 0.034281
2 0.379228 0.424775 0.022037 0.024486
2 0.355814 0.428040 0.019283 0.021221
2 0.553692 0.431305 0.023874 0.027751
2 0.519717 0.431771 0.032138 0.044075
2 0.618427 0.464420 0.086313 0.106106
2 0.882877 0.484825 0.146917 0.130593
2 0.171275 0.432392 0.056981 0.066538
2 0.076723 0.441991 0.086313 0.083253
2 0.208489 0.433829 0.037647 0.057134
2 0.699493 0.449378 0.041320 0.062031
2 0.741273 0.460922 0.088150 0.086518
2 0.799449 0.446230 0.037647 0.057134
2 0.462620 0.431516 0.027547 0.034281
