2 0.821763 0.559756 0.352880 0.325802
2 0.942035 0.651079 0.111870 0.206906
2 0.250038 0.491303 0.051665 0.036393
2 0.296829 0.532028 0.063363 0.093582
2 0.421117 0.478306 0.027295 0.034660
2 0.211046 0.561256 0.127700 0.152036
2 0.495202 0.506034 0.124775 0.214891
0 0.302678 0.464442 0.012673 0.034660
0 0.436714 0.460976 0.007798 0.041592
0 0.570750 0.468774 0.006824 0.025995
0 0.575624 0.473107 0.006824 0.020796
0 0.550766 0.460976 0.005849 0.027728
0 0.602015 0.502432 0.073414 0.154985
0 0.654312 0.534675 0.104177 0.195000
