2 0.525569 0.413945 0.008190 0.020801
2 0.529664 0.429546 0.011701 0.035362
2 0.541950 0.434746 0.019891 0.029122
2 0.499827 0.416025 0.057333 0.099846
2 0.412657 0.443067 0.039782 0.079045
2 0.445419 0.413945 0.035102 0.012481
2 0.366439 0.468028 0.092436 0.116487
2 0.298575 0.430586 0.036272 0.045763
2 0.263473 0.436826 0.069034 0.083205
2 0.210235 0.407704 0.021061 0.024961
2 0.173378 0.439946 0.043293 0.081125
2 0.206140 0.440986 0.022231 0.041602
2 0.087377 0.442027 0.156789 0.131048
2 0.010153 0.427466 0.018721 0.068644
2 0.472331 0.498190 0.121687 0.168490
2 0.581732 0.453467 0.033932 0.033282
2 0.609229 0.445147 0.025742 0.024961
