2 0.557232 0.461399 0.017660 0.026910
2 0.532950 0.460278 0.013876 0.017940
2 0.503937 0.460278 0.026490 0.022425
2 0.483124 0.460278 0.022706 0.022425
2 0.467356 0.458035 0.018921 0.022425
2 0.457265 0.459157 0.016398 0.024668
2 0.444020 0.460278 0.017660 0.026910
2 0.432036 0.463642 0.016398 0.029153
2 0.412484 0.464763 0.032797 0.035880
2 0.403654 0.472612 0.027751 0.033638
2 0.386625 0.478218 0.013876 0.022425
2 0.366442 0.470369 0.036581 0.051578
2 0.317247 0.471491 0.013876 0.017940
2 0.335538 0.481582 0.040365 0.047093
2 0.284450 0.488309 0.044150 0.051578
2 0.294541 0.495037 0.054241 0.051578
2 0.176599 0.496158 0.070639 0.067276
2 0.232732 0.495037 0.066855 0.065033
