2 0.455243 0.397689 0.013389 0.022103
2 0.445679 0.401090 0.007651 0.015302
2 0.426551 0.400240 0.013389 0.023804
2 0.417943 0.401940 0.013389 0.023804
2 0.337128 0.401940 0.058340 0.064610
2 0.328043 0.414692 0.038256 0.059509
2 0.292656 0.415542 0.045907 0.071411
2 0.578617 0.412141 0.019128 0.037406
2 0.054514 0.440876 0.109029 0.171726
2 0.241967 0.417922 0.086075 0.088413
2 0.389252 0.413672 0.051645 0.062909
2 0.520756 0.444276 0.121462 0.192129
0 0.953332 0.449377 0.038256 0.178527
0 0.666414 0.417072 0.015302 0.059509
