2 0.333913 0.367857 0.012915 0.021429
2 0.320568 0.369388 0.012054 0.015306
2 0.304209 0.367092 0.020663 0.022959
2 0.291295 0.370153 0.012054 0.016837
2 0.246524 0.376276 0.018941 0.026020
2 0.272353 0.373214 0.025829 0.026020
2 0.346397 0.370153 0.008610 0.016837
2 0.365338 0.374745 0.018941 0.032143
2 0.443256 0.373214 0.019802 0.026020
2 0.519021 0.364796 0.031856 0.036735
2 0.505676 0.374745 0.020663 0.035204
2 0.548294 0.377806 0.042188 0.056633
2 0.406426 0.392236 0.061129 0.104082
2 0.473151 0.374633 0.046492 0.071939
2 0.628556 0.376164 0.081792 0.105612
2 0.218304 0.376164 0.049936 0.044388
3 0.174394 0.341725 0.103316 0.116327
2 0.118001 0.383052 0.109343 0.085714
2 0.006696 0.368511 0.013393 0.105612
2 0.894611 0.419787 0.210778 0.223469
