2 0.174962 0.371822 0.113424 0.097246
2 0.294821 0.407574 0.100553 0.131568
2 0.598893 0.448332 0.134339 0.161600
4 0.905831 0.457450 0.188337 0.367748
4 0.791862 0.400530 0.212223 0.232450
2 0.702849 0.362086 0.036209 0.059007
2 0.662115 0.414834 0.045261 0.082252
4 0.532870 0.341523 0.050290 0.078675
2 0.252253 0.333477 0.044255 0.055430
2 0.306566 0.330795 0.022127 0.021457
2 0.282930 0.329007 0.025145 0.017881
2 0.322659 0.330795 0.008046 0.014305
2 0.345289 0.341523 0.035203 0.039338
2 0.383509 0.330795 0.013075 0.017881
2 0.446372 0.336159 0.018104 0.017881
2 0.432291 0.331689 0.010058 0.016093
2 0.495656 0.348675 0.020116 0.028609
2 0.482580 0.343311 0.012070 0.025033
2 0.473528 0.339735 0.012070 0.017881
2 0.466990 0.333477 0.011064 0.016093
2 0.393065 0.327219 0.008046 0.017881
2 0.399602 0.326324 0.009052 0.012517
2 0.449479 0.334478 0.011996 0.019194
2 0.076390 0.322749 0.047986 0.055450
2 0.018401 0.313151 0.036802 0.066114
