2 0.273703 0.493867 0.013658 0.014568
2 0.262094 0.498723 0.012292 0.014568
2 0.303750 0.498723 0.010926 0.014568
2 0.328334 0.510864 0.019121 0.029137
2 0.209511 0.489011 0.013658 0.014568
2 0.208145 0.501151 0.013658 0.019424
2 0.200634 0.537572 0.050534 0.048561
2 0.184244 0.503580 0.017755 0.014568
2 0.074982 0.508436 0.028681 0.024281
2 0.334480 0.525432 0.028681 0.038849
2 0.273020 0.512078 0.020487 0.031565
2 0.301019 0.513292 0.019121 0.024281
2 0.218389 0.501151 0.017755 0.014568
2 0.168538 0.504794 0.019121 0.016996
2 0.229334 0.483629 0.009361 0.014561
2 0.238109 0.482589 0.010531 0.016641
2 0.246300 0.485709 0.008190 0.018721
2 0.256245 0.488829 0.009361 0.016641
2 0.193647 0.484669 0.010531 0.016641
2 0.175511 0.482589 0.011701 0.016641
