0 0.036914 0.492500 0.008437 0.015000
0 0.059590 0.487812 0.009492 0.016875
2 0.037441 0.523823 0.072773 0.050147
0 0.013711 0.520625 0.023203 0.086250
0 0.052734 0.527187 0.021094 0.088125
0 0.100723 0.494062 0.013711 0.020625
0 0.118125 0.506250 0.012656 0.037500
2 0.092812 0.523125 0.037969 0.033750
2 0.232031 0.524375 0.029531 0.063750
2 0.165586 0.545937 0.137109 0.140625
2 0.339082 0.508750 0.022148 0.037500
2 0.329062 0.513437 0.021094 0.028125
2 0.313242 0.514375 0.018984 0.033750
2 0.283711 0.524375 0.063281 0.086250
2 0.352266 0.515625 0.023203 0.037500
2 0.369140 0.515625 0.027422 0.048750
2 0.428730 0.515625 0.009492 0.018750
2 0.438750 0.515625 0.012656 0.018750
2 0.400781 0.524062 0.054844 0.084375
2 0.464590 0.494375 0.045352 0.093750
2 0.538418 0.524375 0.108633 0.086250
0 0.572168 0.508750 0.011602 0.030000
0 0.648105 0.536562 0.022148 0.084375
2 0.725097 0.545000 0.157148 0.172500
2 0.862207 0.595625 0.222539 0.206250
2 0.972949 0.655625 0.051680 0.236250
