2 0.138304 0.558980 0.057685 0.061225
2 0.091381 0.549031 0.039605 0.068878
2 0.051346 0.544439 0.045631 0.075000
2 0.315233 0.510766 0.024107 0.035204
2 0.293279 0.493163 0.014636 0.018367
2 0.256687 0.511531 0.017219 0.021429
2 0.257548 0.493929 0.015497 0.013776
2 0.256257 0.477092 0.011193 0.007653
2 0.227414 0.462551 0.030995 0.030612
2 0.226984 0.494694 0.019802 0.021429
2 0.171882 0.519184 0.031856 0.018367
2 0.167147 0.501582 0.022385 0.016837
2 0.125389 0.510000 0.024968 0.021429
2 0.123237 0.491633 0.024107 0.015306
2 0.155954 0.483214 0.025829 0.019898
2 0.178339 0.492398 0.018941 0.022959
2 0.102143 0.485510 0.007749 0.018367
2 0.010020 0.530663 0.018080 0.053571
2 0.177478 0.577347 0.075765 0.091837
2 0.248508 0.598010 0.135172 0.145408
2 0.392290 0.563572 0.066295 0.113265
2 0.488288 0.550561 0.051658 0.068878
2 0.333744 0.533725 0.037022 0.053571
2 0.290265 0.509235 0.020663 0.019898
