0 0.297650 0.479605 0.018932 0.033657
4 0.125686 0.451558 0.251372 0.243075
2 0.132523 0.506718 0.122005 0.084141
2 0.090978 0.546919 0.179852 0.138366
2 0.552177 0.449689 0.012621 0.018698
2 0.562695 0.449689 0.014725 0.018698
2 0.572687 0.457168 0.017880 0.011219
2 0.590041 0.459973 0.009466 0.016828
2 0.614232 0.463712 0.011569 0.020568
2 0.624749 0.473996 0.015776 0.018698
2 0.638422 0.476801 0.022087 0.024307
2 0.662613 0.480540 0.024191 0.031787
2 0.600559 0.472126 0.015776 0.022438
2 0.580575 0.465582 0.019984 0.009349
2 0.578472 0.486150 0.025242 0.031787
2 0.557436 0.491759 0.025242 0.050485
2 0.553755 0.496434 0.022087 0.041136
2 0.532194 0.502043 0.033657 0.056094
2 0.480131 0.484280 0.030501 0.016828
2 0.454363 0.513262 0.027346 0.048615
2 0.429647 0.515132 0.047329 0.059834
2 0.404930 0.537570 0.077831 0.082272
2 0.500115 0.517002 0.061002 0.074792
2 0.316056 0.536635 0.167231 0.099100
2 0.676286 0.574031 0.228233 0.143975
2 0.910830 0.686219 0.175645 0.387050
