4 0.326073 0.571021 0.014622 0.029461
2 0.313888 0.577086 0.007798 0.013864
2 0.310964 0.578819 0.009748 0.013864
2 0.286106 0.583152 0.008773 0.012131
2 0.275871 0.582285 0.009748 0.020796
2 0.269534 0.590084 0.016572 0.036393
2 0.221281 0.597882 0.019496 0.045058
2 0.395772 0.582285 0.040942 0.083184
2 0.460109 0.574487 0.093582 0.133440
0 0.107716 0.616945 0.008773 0.038126
0 0.064825 0.617812 0.008773 0.025995
0 0.201785 0.584885 0.009748 0.025995
0 0.368477 0.571887 0.005849 0.027728
0 0.363116 0.571021 0.006824 0.029461
0 0.354830 0.573620 0.003899 0.024262
0 0.350931 0.573620 0.005849 0.031194
0 0.341670 0.578819 0.006824 0.031194
5 0.339233 0.584885 0.009748 0.015597
0 0.538094 0.546759 0.017547 0.053723
0 0.663844 0.533761 0.021446 0.090116
0 0.614616 0.553691 0.022421 0.102247
0 0.743291 0.581419 0.024370 0.209692
0 0.967497 0.521631 0.049715 0.207959
0 0.080422 0.629942 0.006824 0.025995
0 0.116490 0.619545 0.004874 0.039859
2 0.246626 0.593550 0.044841 0.081451
2 0.300728 0.593550 0.030219 0.039859
2 0.491303 0.611746 0.154020 0.225289
2 0.056539 0.728723 0.113078 0.268614
1 0.779359 0.590084 0.106254 0.310206
5 0.760838 0.668068 0.199836 0.209692
2 0.171566 0.624744 0.089682 0.129974
