2 0.080422 0.459243 0.160843 0.131707
2 0.192525 0.427182 0.092607 0.095315
2 0.249551 0.433248 0.027295 0.041592
2 0.270509 0.423716 0.036068 0.050257
2 0.293417 0.422850 0.013647 0.048524
2 0.018521 0.424583 0.037043 0.038126
2 0.318762 0.430648 0.044841 0.050257
2 0.362629 0.420250 0.027295 0.032927
2 0.342645 0.425449 0.016572 0.025995
3 0.378225 0.405520 0.033143 0.062388
2 0.407470 0.422850 0.011698 0.024262
2 0.445487 0.424583 0.044841 0.065854
4 0.455723 0.402921 0.036068 0.064121
2 0.913067 0.547625 0.172860 0.249551
2 0.914370 0.442779 0.085783 0.091849
2 0.689189 0.477439 0.120876 0.126508
2 0.595608 0.437580 0.056539 0.077985
2 0.539556 0.434114 0.039967 0.046791
2 0.514699 0.425449 0.019496 0.029461
2 0.501539 0.428915 0.010723 0.019063
2 0.484480 0.422850 0.013647 0.020796
