2 0.443935 0.455625 0.008993 0.023092
2 0.433943 0.458289 0.008993 0.028421
2 0.419954 0.449408 0.024979 0.028421
2 0.378988 0.473388 0.024979 0.051513
2 0.354508 0.482270 0.019984 0.065724
2 0.528865 0.465395 0.012989 0.028421
2 0.553844 0.458289 0.042965 0.063947
2 0.588316 0.477829 0.063947 0.092368
2 0.617292 0.500921 0.053956 0.085263
2 0.482403 0.462730 0.011990 0.015987
2 0.518373 0.460954 0.011990 0.019539
2 0.512378 0.455625 0.007993 0.019539
2 0.404967 0.490263 0.054955 0.067500
2 0.314541 0.490263 0.075938 0.095921
2 0.673745 0.532007 0.140884 0.147434
