0 0.399694 0.528910 0.034790 0.119431
2 0.361905 0.533175 0.052784 0.085308
2 0.346909 0.559834 0.082775 0.125829
2 0.470473 0.487322 0.034790 0.023460
2 0.438682 0.582227 0.091173 0.196208
0 0.060794 0.518246 0.011996 0.038389
0 0.045199 0.537440 0.019194 0.085308
2 0.194555 0.597156 0.269920 0.324170
2 0.030397 0.818957 0.060794 0.358294
0 0.706203 0.490521 0.021594 0.068246
0 0.730908 0.492654 0.023018 0.123697
0 0.790178 0.532109 0.016795 0.138626
0 0.809972 0.506516 0.025193 0.147156
0 0.826767 0.515047 0.015595 0.074645
0 0.856758 0.519312 0.034790 0.181280
0 0.899345 0.532109 0.043187 0.181279
0 0.918540 0.538604 0.023993 0.130290
0 0.957528 0.519312 0.034790 0.155687
2 0.624027 0.671801 0.368291 0.524644
0 0.758897 0.531093 0.035596 0.159375
