2 0.192063 0.452660 0.106531 0.116547
2 0.507559 0.446590 0.027316 0.046133
2 0.452928 0.429593 0.019121 0.036421
2 0.383956 0.434449 0.020487 0.031565
0 0.348445 0.432021 0.006829 0.031565
0 0.342299 0.429593 0.008195 0.026709
2 0.278108 0.438091 0.065558 0.072842
2 0.315667 0.438091 0.025950 0.053417
2 0.493901 0.439305 0.013658 0.031565
2 0.484341 0.434449 0.010926 0.021853
2 0.476146 0.435663 0.010926 0.024281
2 0.411272 0.429593 0.012292 0.012140
2 0.422198 0.428379 0.006829 0.019424
2 0.015110 0.525096 0.028269 0.072786
2 0.400646 0.435847 0.007798 0.022529
2 0.430865 0.433248 0.007798 0.017330
