0 0.721874 0.490657 0.010135 0.049897
0 0.711738 0.481648 0.017932 0.092864
0 0.836871 0.464322 0.007796 0.041581
0 0.829075 0.480955 0.012474 0.074846
0 0.665739 0.487885 0.017932 0.094250
0 0.671587 0.494122 0.015593 0.081776
1 0.628589 0.498280 0.021050 0.085934
5 0.628589 0.510061 0.018711 0.056827
5 0.823890 0.526694 0.026508 0.073460
5 0.811806 0.525308 0.024169 0.095637
5 0.800891 0.525308 0.025728 0.098409
5 0.779451 0.486499 0.026508 0.026335
5 0.783349 0.530159 0.028067 0.066530
5 0.783739 0.530159 0.024169 0.063758
2 0.626640 0.490657 0.088100 0.073460
2 0.578692 0.486499 0.014034 0.037423
2 0.377154 0.500359 0.050677 0.059600
2 0.333493 0.492043 0.019491 0.031879
2 0.255919 0.480262 0.029627 0.030493
2 0.299189 0.510754 0.088100 0.097023
2 0.157586 0.638963 0.314197 0.413039
2 0.522947 0.517685 0.119286 0.198203
4 0.439642 0.449769 0.092778 0.195431
2 0.531317 0.400762 0.049433 0.033657
