2 0.581651 0.701285 0.021122 0.028609
2 0.567570 0.704861 0.013075 0.028609
2 0.548460 0.706649 0.017099 0.025033
3 0.513760 0.691450 0.050290 0.076887
2 0.491632 0.712013 0.032185 0.050066
2 0.452406 0.715589 0.042243 0.071523
2 0.411672 0.721848 0.043249 0.080464
2 0.360376 0.724530 0.067388 0.089404
2 0.274884 0.737046 0.105608 0.121589
2 0.115968 0.744199 0.208199 0.221722
3 0.795382 0.679828 0.172997 0.289669
2 0.909006 0.793932 0.180981 0.347553
2 0.675181 0.694218 0.021094 0.023437
2 0.608604 0.696562 0.019775 0.032812
2 0.623106 0.703593 0.014502 0.028125
2 0.632993 0.700078 0.015820 0.025781
