2 0.584397 0.466175 0.014622 0.017330
2 0.597557 0.470507 0.011698 0.022529
2 0.606818 0.467908 0.008773 0.027728
2 0.618028 0.469641 0.009748 0.031194
2 0.632163 0.473973 0.026320 0.039859
4 0.729156 0.489570 0.097481 0.095315
2 0.893556 0.511305 0.093606 0.100658
2 0.510312 0.461842 0.010723 0.015597
2 0.283669 0.441913 0.025345 0.024262
2 0.264173 0.442779 0.021446 0.025995
2 0.244677 0.445379 0.025345 0.020796
2 0.213483 0.441046 0.019496 0.025995
2 0.176928 0.446245 0.034118 0.025995
2 0.131599 0.436714 0.038992 0.027728
