2 0.348517 0.371206 0.084953 0.119170
2 0.463683 0.348972 0.014699 0.017787
2 0.477036 0.351640 0.008004 0.016008
2 0.488041 0.350751 0.010005 0.024901
2 0.494044 0.352530 0.014007 0.028459
2 0.501048 0.358755 0.016008 0.030237
2 0.509552 0.359644 0.021010 0.042688
2 0.520557 0.364091 0.031015 0.051581
2 0.530062 0.376542 0.020010 0.048024
2 0.548279 0.365870 0.033599 0.072925
2 0.556575 0.370316 0.037018 0.088933
2 0.600096 0.388103 0.098048 0.131621
2 0.836213 0.514387 0.326161 0.366403
2 0.283440 0.339190 0.011005 0.008893
2 0.254926 0.340968 0.012006 0.008893
4 0.239919 0.334743 0.018009 0.021344
2 0.222410 0.338300 0.013006 0.014229
