2 0.501504 0.612053 0.015820 0.026250
2 0.490430 0.624241 0.025312 0.058125
3 0.573373 0.606161 0.018231 0.071250
3 0.537890 0.570536 0.063281 0.097500
3 0.838778 0.542411 0.320625 0.626250
2 0.339082 0.577098 0.133945 0.196875
2 0.280019 0.678080 0.155039 0.200625
2 0.427148 0.665223 0.151875 0.298125
2 0.532090 0.633348 0.066445 0.084375
0 0.194590 0.653973 0.024258 0.114375
0 0.171387 0.637098 0.022148 0.136875
0 0.152402 0.646473 0.034805 0.155625
0 0.091230 0.642723 0.024258 0.148125
0 0.072773 0.688660 0.044297 0.251250
0 0.590399 0.621160 0.009492 0.022500
0 0.598309 0.623035 0.008437 0.030000
0 0.603055 0.621160 0.007383 0.030000
0 0.619403 0.614598 0.008437 0.035625
0 0.626786 0.623035 0.010547 0.048750
0 0.665282 0.610848 0.009492 0.039375
0 0.680047 0.623973 0.013711 0.069375
0 0.658953 0.621161 0.015820 0.071250
