2 0.375788 0.422850 0.014622 0.013864
2 0.387974 0.416785 0.007798 0.012131
2 0.392360 0.415918 0.008773 0.010398
2 0.400159 0.424583 0.008773 0.017330
2 0.393822 0.432381 0.011698 0.015597
2 0.381150 0.438447 0.015597 0.020796
2 0.371402 0.437580 0.007798 0.019063
2 0.360191 0.439313 0.014622 0.022529
2 0.346057 0.427182 0.021446 0.019063
2 0.341670 0.447978 0.022421 0.025995
2 0.323636 0.435847 0.013647 0.012131
2 0.325098 0.454044 0.014622 0.027728
2 0.305115 0.438447 0.019496 0.020796
2 0.307552 0.451444 0.020471 0.032927
2 0.280257 0.453177 0.028269 0.043325
2 0.238828 0.428915 0.040942 0.029461
2 0.242727 0.458376 0.038992 0.050257
2 0.180339 0.424583 0.046791 0.017330
2 0.177415 0.474840 0.109178 0.083184
2 0.079934 0.473973 0.058488 0.071053
2 0.406007 0.427182 0.010723 0.019063
2 0.415756 0.420250 0.008773 0.012131
2 0.415268 0.428049 0.007798 0.013864
2 0.423067 0.429782 0.007798 0.013864
2 0.441588 0.435847 0.015597 0.029461
2 0.464983 0.441913 0.013647 0.024262
2 0.425504 0.446245 0.016572 0.025995
0 0.046303 0.448845 0.026320 0.045058
2 0.446462 0.447978 0.015597 0.025995
2 0.479118 0.446245 0.018521 0.025995
2 0.414781 0.467908 0.039967 0.055456
2 0.541506 0.488704 0.077010 0.097048
4 0.034606 0.480905 0.067262 0.123042
