5 0.272486 0.487885 0.078744 0.110883
5 0.285350 0.482341 0.071727 0.102567
5 0.341485 0.456006 0.054575 0.088706
5 0.302113 0.451848 0.042881 0.072074
4 0.380467 0.385318 0.090439 0.166324
4 0.717274 0.394327 0.118506 0.331263
4 0.636970 0.394327 0.054575 0.184343
4 0.596819 0.391555 0.028847 0.131673
4 0.575378 0.391555 0.017152 0.101181
4 0.562904 0.387397 0.017152 0.081776
4 0.547311 0.385318 0.015593 0.058214
4 0.534057 0.383239 0.010915 0.040195
4 0.875152 0.386011 0.248707 0.633419
2 0.436212 0.415118 0.017932 0.065144
2 0.445567 0.392941 0.028847 0.065144
4 0.460381 0.384625 0.024169 0.070688
4 0.475194 0.383239 0.013254 0.065144
2 0.486109 0.381853 0.021050 0.040195
2 0.512617 0.387397 0.013254 0.020791
