2 0.561753 0.424218 0.022412 0.060937
2 0.453647 0.438281 0.011865 0.023437
2 0.447715 0.433593 0.010547 0.032812
2 0.443100 0.428906 0.011865 0.042187
2 0.435190 0.424218 0.017139 0.051562
2 0.409878 0.414843 0.037705 0.089062
2 0.406186 0.421875 0.027686 0.084375
2 0.371909 0.412500 0.080420 0.121875
2 0.588779 0.432422 0.058008 0.096094
2 0.623452 0.447656 0.075146 0.117187
2 0.684492 0.457031 0.126562 0.182812
2 0.344487 0.446484 0.056689 0.138281
2 0.291094 0.452343 0.110742 0.225000
2 0.536176 0.420703 0.054053 0.072656
2 0.802880 0.512890 0.250488 0.283594
2 0.154907 0.509375 0.309814 0.459375
2 0.959106 0.674609 0.080420 0.292969
