2 0.416841 0.417966 0.015445 0.018305
2 0.428854 0.418729 0.017161 0.035085
2 0.447731 0.418729 0.030890 0.035085
2 0.475188 0.428644 0.049767 0.061017
2 0.510369 0.435508 0.056631 0.090000
2 0.388525 0.418729 0.010297 0.022881
2 0.373938 0.414152 0.022309 0.032034
2 0.364929 0.420254 0.019735 0.028983
2 0.343907 0.421780 0.030890 0.044237
2 0.298001 0.424068 0.066070 0.097627
2 0.229357 0.431695 0.108972 0.131186
2 0.594028 0.437797 0.143294 0.161695
2 0.850632 0.508483 0.294405 0.354932
0 0.116523 0.437034 0.030890 0.111356
2 0.398822 0.414915 0.015445 0.030508
