4 0.391772 0.454620 0.010135 0.027721
2 0.385145 0.460164 0.010915 0.016632
2 0.369552 0.459471 0.007796 0.015246
2 0.360586 0.461550 0.011695 0.022177
2 0.353959 0.463629 0.009356 0.020791
2 0.348112 0.466401 0.016373 0.023563
2 0.341095 0.466401 0.016373 0.031879
2 0.323163 0.467094 0.031965 0.041581
2 0.316146 0.476104 0.030406 0.045739
2 0.281842 0.477490 0.053796 0.079004
2 0.401128 0.461550 0.005458 0.013860
2 0.405805 0.462243 0.007017 0.018018
4 0.421398 0.453234 0.024169 0.047125
2 0.421398 0.464322 0.013254 0.036037
2 0.428025 0.465708 0.015593 0.038809
2 0.435042 0.468480 0.018711 0.047125
2 0.441279 0.474024 0.020271 0.052669
2 0.460381 0.476104 0.045999 0.065144
2 0.474414 0.488578 0.053796 0.065144
2 0.973234 0.492000 0.049945 0.087320
