2 0.417079 0.473114 0.042661 0.060674
2 0.382950 0.463362 0.028035 0.049839
2 0.551768 0.501284 0.012189 0.052006
2 0.567614 0.498033 0.024378 0.071509
2 0.578584 0.504534 0.036567 0.067175
2 0.604790 0.512118 0.054850 0.104013
2 0.657812 0.533788 0.114577 0.125682
2 0.974726 0.791653 0.048756 0.151685
2 0.806518 0.862078 0.009751 0.006501
2 0.857591 0.633179 0.282543 0.407959
2 0.223274 0.478531 0.071915 0.110514
2 0.096096 0.465529 0.192193 0.227528
4 0.344555 0.447110 0.068258 0.112680
2 0.318958 0.485032 0.117014 0.145184
2 0.524343 0.488282 0.054850 0.125682
2 0.476196 0.521870 0.112139 0.171188
