2 0.200258 0.540070 0.398809 0.461331
2 0.383956 0.524287 0.047802 0.148112
2 0.743157 0.530358 0.173455 0.150540
2 0.646186 0.518217 0.086044 0.106835
2 0.592238 0.510933 0.071021 0.082554
2 0.558776 0.498793 0.055997 0.087410
2 0.539655 0.504863 0.015024 0.050989
2 0.525997 0.504863 0.028681 0.050989
2 0.503462 0.495151 0.032779 0.041277
2 0.482975 0.497579 0.021853 0.031565
2 0.474098 0.490295 0.028681 0.036421
2 0.462488 0.492723 0.013658 0.031565
2 0.454977 0.496365 0.012292 0.029137
2 0.448831 0.491509 0.016389 0.024281
2 0.435173 0.490295 0.013658 0.021853
2 0.420832 0.491509 0.012292 0.014568
