2 0.554666 0.490878 0.044841 0.059805
2 0.249063 0.505167 0.059463 0.064121
2 0.386511 0.481772 0.008773 0.013864
2 0.379200 0.482638 0.009748 0.015597
2 0.370914 0.485238 0.012673 0.020796
2 0.364578 0.488704 0.017547 0.027728
2 0.352880 0.496502 0.015597 0.029461
2 0.339721 0.493036 0.020471 0.036393
2 0.281268 0.505167 0.020542 0.057189
2 0.310476 0.505167 0.022421 0.043325
2 0.298779 0.506900 0.022421 0.050257
2 0.319737 0.499102 0.025345 0.048524
2 0.457672 0.479172 0.014622 0.019063
2 0.470832 0.476573 0.013647 0.017330
2 0.480093 0.475706 0.022421 0.029461
2 0.490328 0.486971 0.029244 0.038126
2 0.508850 0.489570 0.015597 0.039859
2 0.519573 0.493903 0.013647 0.048524
2 0.528833 0.498235 0.016572 0.053723
4 0.406007 0.473107 0.016572 0.031194
0 0.658970 0.498235 0.011698 0.057189
0 0.645518 0.497369 0.011865 0.065854
