2 0.423596 0.570475 0.011937 0.029383
2 0.412118 0.571291 0.014692 0.034281
2 0.396508 0.572107 0.012855 0.035913
2 0.383193 0.573740 0.017446 0.035913
2 0.367584 0.578637 0.013773 0.035913
2 0.354728 0.577821 0.021119 0.053869
2 0.325804 0.585983 0.053257 0.066929
2 0.503941 0.577005 0.012855 0.032648
2 0.514959 0.581902 0.018365 0.042443
2 0.531028 0.585167 0.022956 0.052237
2 0.558575 0.590064 0.052339 0.071826
2 0.282647 0.599042 0.058767 0.070193
2 0.467211 0.593329 0.075295 0.094680
2 0.923985 0.568926 0.146917 0.106106
