2 0.562461 0.557109 0.022412 0.035156
2 0.591465 0.572343 0.069873 0.046875
2 0.787241 0.572343 0.131836 0.089062
2 0.802402 0.589921 0.133154 0.086719
2 0.878208 0.555937 0.021094 0.032812
3 0.934897 0.530156 0.102832 0.056250
2 0.393052 0.573515 0.031641 0.058594
4 0.380528 0.547734 0.035596 0.058594
2 0.331089 0.611015 0.123926 0.166406
2 0.699570 0.561796 0.038232 0.039844
2 0.910508 0.591093 0.175342 0.103125
2 0.038982 0.552421 0.077964 0.030469
4 0.147178 0.561796 0.038232 0.044531
2 0.079942 0.653203 0.159521 0.208594
2 0.981040 0.629765 0.036914 0.082031
