2 0.795057 0.503649 0.015024 0.019424
2 0.767741 0.525501 0.036876 0.048561
2 0.662576 0.514575 0.025950 0.036421
2 0.690574 0.519431 0.054631 0.046133
2 0.702183 0.537642 0.069655 0.058273
2 0.720621 0.537642 0.073752 0.048561
2 0.308155 0.530358 0.016389 0.033993
2 0.301326 0.538856 0.019121 0.041277
2 0.283571 0.542498 0.027316 0.048561
0 0.803251 0.506077 0.012292 0.033993
0 0.658478 0.564350 0.012292 0.058273
0 0.649601 0.560708 0.005463 0.055845
0 0.627748 0.550996 0.010926 0.070414
0 0.528046 0.525501 0.008195 0.043705
0 0.622285 0.503649 0.005463 0.024281
0 0.642772 0.509719 0.010926 0.026709
0 0.629797 0.502435 0.009560 0.021853
0 0.564922 0.530358 0.010926 0.053417
0 0.556045 0.537642 0.009560 0.038849
0 0.539655 0.523073 0.009560 0.043705
0 0.608627 0.558280 0.019121 0.109263
0 0.639357 0.566778 0.015024 0.135971
0 0.639357 0.567992 0.031413 0.094694
2 0.254889 0.548568 0.046437 0.055845
2 0.415369 0.667543 0.329154 0.390918
2 0.896125 0.490295 0.020487 0.026709
