2 0.498127 0.341399 0.011698 0.017330
2 0.455235 0.343132 0.009748 0.013864
2 0.445000 0.345732 0.008773 0.019063
2 0.434764 0.347465 0.007798 0.015597
2 0.422092 0.354397 0.015597 0.019063
2 0.407957 0.355263 0.014622 0.024262
2 0.393335 0.358729 0.012673 0.024262
2 0.382612 0.367394 0.018521 0.034660
2 0.358729 0.367394 0.037043 0.048524
2 0.306577 0.382125 0.030219 0.077985
2 0.242727 0.392523 0.120876 0.123042
2 0.053614 0.401188 0.105279 0.244352
2 0.519085 0.336200 0.014622 0.013864
2 0.543943 0.333601 0.007798 0.022529
2 0.558077 0.334467 0.010723 0.013864
2 0.570750 0.336200 0.012673 0.017330
4 0.594633 0.325802 0.031194 0.058922
2 0.603406 0.343132 0.037043 0.048524
2 0.630701 0.347465 0.021446 0.064121
2 0.654096 0.346598 0.044841 0.076252
2 0.678954 0.350064 0.055564 0.083184
2 0.726232 0.356996 0.095531 0.131707
2 0.837360 0.376059 0.173516 0.173299
2 0.940747 0.407709 0.117093 0.231308
