2 0.464475 0.425118 0.008398 0.017062
2 0.456677 0.430450 0.011996 0.019194
2 0.447680 0.432583 0.013196 0.019194
2 0.428485 0.435782 0.020394 0.034123
2 0.402093 0.442180 0.025193 0.034123
2 0.342111 0.445379 0.087574 0.121564
2 0.489667 0.440047 0.017995 0.025592
2 0.500464 0.424052 0.013196 0.010663
2 0.507062 0.434715 0.016795 0.027725
2 0.516059 0.437914 0.017995 0.029858
2 0.523857 0.442180 0.021594 0.038389
2 0.535853 0.442180 0.026392 0.051185
2 0.547850 0.445379 0.031191 0.078910
2 0.607232 0.450711 0.101970 0.153554
2 0.283328 0.450711 0.049185 0.081043
