2 0.497944 0.510234 0.017139 0.025781
2 0.510468 0.503203 0.013184 0.021094
2 0.523652 0.509062 0.018457 0.042187
2 0.784951 0.552421 0.065918 0.091406
2 0.361450 0.515468 0.030322 0.055000
2 0.344355 0.516093 0.026367 0.065625
2 0.165642 0.535044 0.331285 0.407812
2 0.667089 0.519922 0.184570 0.264844
2 0.856274 0.558593 0.130517 0.117187
2 0.541845 0.519922 0.039551 0.058594
2 0.470786 0.516406 0.026104 0.037500
2 0.485156 0.511718 0.010547 0.032812
2 0.423984 0.512968 0.022676 0.035000
2 0.459228 0.503906 0.010547 0.023437
2 0.320141 0.508984 0.048779 0.096094
