0 0.300767 0.616875 0.015820 0.070312
1 0.631016 0.643828 0.090967 0.311719
6 0.632993 0.719999 0.110742 0.295312
2 0.329112 0.611015 0.032959 0.044531
2 0.294834 0.616875 0.048779 0.037500
2 0.246714 0.618046 0.047461 0.044531
2 0.424034 0.608671 0.019775 0.044531
2 0.408213 0.603984 0.027686 0.049219
2 0.393052 0.614531 0.031641 0.056250
2 0.453697 0.592265 0.013184 0.025781
2 0.466880 0.609843 0.018457 0.046875
2 0.553892 0.633281 0.079102 0.112500
4 0.781309 0.635625 0.151611 0.271875
4 0.496543 0.575859 0.059326 0.142969
4 0.675840 0.537187 0.143701 0.295312
2 0.363389 0.621562 0.056689 0.070312
4 0.909849 0.562968 0.179297 0.553125
