2 0.377738 0.327535 0.020471 0.031194
2 0.359704 0.324936 0.021446 0.036393
2 0.462546 0.335334 0.014622 0.039859
2 0.489841 0.331868 0.018521 0.025995
2 0.496177 0.342266 0.019496 0.025995
2 0.513236 0.339666 0.016572 0.055456
2 0.463034 0.313672 0.025345 0.051990
2 0.631188 0.366528 0.061413 0.077985
2 0.662869 0.375193 0.076035 0.091849
2 0.329972 0.324936 0.038018 0.046791
2 0.270997 0.333601 0.062388 0.064121
2 0.545405 0.356130 0.073111 0.098781
2 0.419655 0.348331 0.078959 0.135173
4 0.103817 0.295475 0.207634 0.358729
2 0.820301 0.460109 0.357754 0.580552
