2 0.393711 0.486797 0.019775 0.030469
2 0.381187 0.486797 0.018457 0.044531
2 0.366685 0.489140 0.021094 0.053906
2 0.434580 0.487968 0.017139 0.028125
2 0.447105 0.499687 0.018457 0.028125
2 0.460948 0.505547 0.011865 0.044531
2 0.472154 0.506718 0.021094 0.046875
2 0.479405 0.521953 0.019775 0.053906
2 0.497862 0.530156 0.030322 0.065625
2 0.541367 0.532500 0.075146 0.098437
2 0.771421 0.565312 0.092285 0.126562
2 0.345591 0.491484 0.031641 0.077344
2 0.308677 0.498515 0.073828 0.086719
2 0.632993 0.589921 0.189844 0.180469
2 0.174864 0.539531 0.183252 0.187500
2 0.413487 0.485625 0.017139 0.023437
