2 0.042734 0.478364 0.084162 0.100882
2 0.102349 0.458528 0.074599 0.095214
2 0.181092 0.443792 0.048457 0.081612
2 0.349417 0.450026 0.035705 0.085013
2 0.364081 0.433591 0.015302 0.027204
2 0.381934 0.435858 0.008926 0.011335
2 0.388310 0.430757 0.011477 0.019270
2 0.394686 0.432457 0.011477 0.022670
2 0.402975 0.436991 0.012752 0.034005
2 0.421146 0.444359 0.033792 0.046474
2 0.905551 0.476934 0.185206 0.151349
2 0.258559 0.504434 0.194466 0.248237
0 0.642710 0.471563 0.026779 0.128086
0 0.555997 0.451160 0.016577 0.075945
0 0.516148 0.449460 0.017215 0.070277
0 0.448866 0.444332 0.005738 0.031738
0 0.455880 0.441499 0.007014 0.039673
0 0.481065 0.443199 0.012752 0.065743
0 0.493179 0.431297 0.007651 0.044207
2 0.375224 0.432431 0.006376 0.017003
0 0.577342 0.440365 0.015302 0.057809
