2 0.533361 0.445855 0.013988 0.035526
2 0.524368 0.449408 0.013988 0.031974
2 0.513877 0.452961 0.012989 0.039079
2 0.498390 0.445855 0.019984 0.053289
2 0.484401 0.446743 0.023980 0.047961
2 0.469414 0.454737 0.031974 0.063947
2 0.433943 0.460066 0.062948 0.081711
2 0.587816 0.442303 0.008993 0.046184
2 0.610797 0.431645 0.012989 0.024868
2 0.564336 0.449408 0.047961 0.081711
2 0.624786 0.444079 0.022981 0.039079
2 0.662255 0.437862 0.015987 0.026645
2 0.675244 0.446743 0.013988 0.037303
2 0.687734 0.447632 0.024979 0.035526
2 0.701722 0.455625 0.020983 0.037303
2 0.724204 0.446743 0.035970 0.069276
2 0.851599 0.486711 0.110909 0.099474
2 0.194140 0.607500 0.384683 0.468947
4 0.772048 0.412452 0.089682 0.180231
