0 0.466273 0.316699 0.005850 0.020801
0 0.470953 0.317739 0.005850 0.022881
0 0.477974 0.318779 0.005850 0.020801
0 0.511906 0.320859 0.010531 0.016641
4 0.789944 0.280668 0.333470 0.559554
4 0.137849 0.428357 0.275698 0.854931
2 0.200228 0.345152 0.052653 0.052003
2 0.243521 0.385715 0.092436 0.091525
2 0.296759 0.349312 0.060844 0.043683
2 0.307875 0.368033 0.069034 0.056163
2 0.444188 0.332671 0.028082 0.052003
2 0.599222 0.316030 0.038612 0.027042
2 0.555345 0.312910 0.065524 0.037442
4 0.375154 0.304590 0.053823 0.037442
2 0.421372 0.313950 0.036272 0.022881
2 0.382174 0.421077 0.124027 0.212173
2 0.940883 0.420037 0.113497 0.210093
2 0.582935 0.577086 0.368477 0.506034
