2 0.482077 0.461324 0.011064 0.017881
2 0.471517 0.458642 0.008046 0.030397
2 0.459950 0.463113 0.019110 0.042914
2 0.432793 0.466689 0.041238 0.067947
2 0.415192 0.484570 0.036209 0.071523
2 0.368925 0.500662 0.092533 0.100132
2 0.345289 0.444338 0.037214 0.019669
2 0.373452 0.447020 0.017099 0.014305
2 0.173298 0.598113 0.332918 0.330795
2 0.500685 0.451490 0.008046 0.019669
2 0.507725 0.460430 0.008046 0.019669
2 0.515771 0.455066 0.008046 0.026821
2 0.529350 0.454172 0.021122 0.042914
2 0.541922 0.460430 0.026151 0.041126
2 0.546951 0.471159 0.022127 0.041126
2 0.564553 0.469371 0.023133 0.051854
2 0.577125 0.464007 0.022127 0.066159
2 0.602773 0.468477 0.063365 0.085828
2 0.615848 0.486358 0.049284 0.085828
2 0.658091 0.492616 0.087504 0.119801
2 0.762694 0.505132 0.198142 0.227086
2 0.894925 0.559669 0.209144 0.425563
