2 0.422579 0.555424 0.034118 0.043325
2 0.367990 0.531162 0.014622 0.029461
2 0.327048 0.530295 0.018521 0.024262
2 0.382125 0.547625 0.042892 0.048524
2 0.289518 0.526829 0.015597 0.027728
2 0.259786 0.538960 0.038018 0.048524
2 0.236878 0.525963 0.017547 0.032927
2 0.214945 0.532895 0.036068 0.050257
2 0.174978 0.533761 0.043866 0.055456
2 0.125750 0.543293 0.048740 0.067587
2 0.099918 0.561489 0.047766 0.076252
2 0.042404 0.563222 0.082859 0.110911
2 0.030706 0.707061 0.059463 0.173299
2 0.535657 0.571021 0.084808 0.102247
2 0.621927 0.591817 0.132574 0.147304
2 0.776922 0.643806 0.196911 0.227022
2 0.851495 0.755584 0.295367 0.478306
