2 0.089971 0.554847 0.059407 0.078061
2 0.038313 0.547959 0.076626 0.070408
2 0.269484 0.553317 0.020663 0.026020
2 0.286272 0.551786 0.018080 0.032143
2 0.297035 0.552551 0.017219 0.033673
2 0.247529 0.552551 0.014636 0.021429
2 0.211626 0.551786 0.012054 0.022959
2 0.204739 0.551786 0.013776 0.022959
2 0.182353 0.548725 0.013776 0.016837
2 0.156524 0.551786 0.015497 0.013776
2 0.168578 0.551021 0.012054 0.012245
2 0.188552 0.554082 0.013776 0.021429
2 0.314168 0.551786 0.035300 0.041327
2 0.226779 0.557908 0.034439 0.047449
2 0.521461 0.624235 0.291008 0.264796
2 0.611584 0.517857 0.074601 0.094898
