0 0.760467 0.594867 0.037754 0.138814
0 0.628327 0.566647 0.017161 0.125085
0 0.585425 0.568173 0.018877 0.103729
0 0.074884 0.568935 0.030890 0.147966
0 0.012559 0.570461 0.025117 0.151017
2 0.432263 0.555206 0.060922 0.080847
2 0.331442 0.534613 0.041186 0.054915
5 0.032091 0.587593 0.029174 0.070169
5 0.123044 0.571576 0.037754 0.056441
2 0.298945 0.526271 0.017161 0.030508
2 0.398050 0.540763 0.009439 0.032034
2 0.469697 0.549915 0.020593 0.050339
2 0.388611 0.528559 0.021451 0.038136
2 0.281784 0.528559 0.017161 0.028983
2 0.369305 0.535424 0.020593 0.027458
2 0.358150 0.528559 0.008581 0.019831
2 0.256471 0.535424 0.023167 0.027458
0 0.534480 0.558305 0.012871 0.054915
0 0.505306 0.547627 0.009439 0.045763
