2 0.307746 0.385158 0.059709 0.068044
2 0.628773 0.428732 0.102010 0.103480
2 0.353543 0.383740 0.032288 0.048898
2 0.381646 0.376299 0.031093 0.046772
2 0.397790 0.368858 0.017938 0.036142
2 0.412738 0.368858 0.021526 0.040394
2 0.424697 0.368858 0.019134 0.036142
0 0.472532 0.372047 0.011959 0.021260
0 0.483892 0.373110 0.013155 0.023386
2 0.492861 0.379488 0.014350 0.031890
2 0.503624 0.380551 0.021526 0.038268
2 0.514387 0.383740 0.019134 0.044646
2 0.528139 0.384803 0.027505 0.059528
2 0.548469 0.392244 0.039464 0.070157
2 0.575376 0.407126 0.057402 0.074409
2 0.449212 0.378425 0.013155 0.025512
2 0.459377 0.374173 0.009567 0.017008
2 0.434862 0.374173 0.010763 0.025512
