2 0.452461 0.455759 0.016875 0.024375
2 0.439805 0.455759 0.016875 0.024375
2 0.428203 0.463259 0.016875 0.035625
2 0.411328 0.463661 0.029531 0.033750
4 0.362812 0.449598 0.031641 0.058125
2 0.334863 0.458036 0.041133 0.071250
2 0.297422 0.460848 0.059062 0.084375
2 0.246269 0.475848 0.091758 0.084375
2 0.054316 0.504643 0.108633 0.168750
2 0.499394 0.456562 0.009492 0.020625
2 0.530508 0.462187 0.014766 0.031875
2 0.540000 0.465937 0.012656 0.031875
2 0.554765 0.463125 0.025312 0.041250
2 0.601172 0.474375 0.029531 0.063750
2 0.629648 0.474375 0.052734 0.086250
2 0.684492 0.492455 0.103359 0.129375
2 0.884129 0.570536 0.227812 0.232500
0 0.186152 0.460178 0.020039 0.090000
