2 0.514896 0.634883 0.008427 0.026634
2 0.506937 0.640709 0.013109 0.038286
2 0.491487 0.646535 0.034645 0.056597
2 0.485869 0.657355 0.030899 0.071578
2 0.459183 0.674001 0.061799 0.101541
2 0.536900 0.640709 0.011236 0.018311
2 0.550009 0.640709 0.013109 0.021640
2 0.564990 0.642374 0.009363 0.031628
2 0.571544 0.648200 0.011236 0.056597
2 0.589335 0.649032 0.026218 0.071578
2 0.593549 0.653194 0.032772 0.079901
2 0.625852 0.667343 0.071162 0.108200
2 0.109833 0.799014 0.218168 0.399507
2 0.911898 0.770715 0.176204 0.236375
0 0.519057 0.648089 0.013109 0.086560
0 0.703985 0.666400 0.015918 0.076572
0 0.411845 0.650586 0.015918 0.068249
2 0.160437 0.722164 0.076780 0.094883
