2 0.036254 0.458085 0.072507 0.134446
2 0.187115 0.476797 0.148133 0.163552
2 0.290808 0.452541 0.063931 0.079004
2 0.564853 0.511447 0.116167 0.138604
2 0.643987 0.499666 0.065490 0.070688
2 0.671665 0.502438 0.028847 0.054055
4 0.722731 0.486499 0.085761 0.083162
2 0.060812 0.421355 0.045219 0.049897
2 0.122794 0.428978 0.045999 0.051283
2 0.263130 0.391555 0.013254 0.026335
2 0.291587 0.388783 0.029627 0.034651
2 0.408924 0.614014 0.275215 0.390862
2 0.862288 0.528773 0.051457 0.042967
2 0.835000 0.530159 0.043660 0.034651
2 0.877101 0.493429 0.023389 0.036037
2 0.860339 0.490657 0.010135 0.033265
2 0.482990 0.291068 0.017932 0.013860
2 0.854491 0.478183 0.012474 0.019405
2 0.964811 0.511447 0.017932 0.019405
2 0.978845 0.508675 0.017932 0.024949
2 0.334858 0.392941 0.008576 0.015246
2 0.341095 0.391555 0.008576 0.012474
