2 0.351305 0.442898 0.029013 0.038123
2 0.346260 0.452990 0.029013 0.044850
2 0.333015 0.450747 0.020183 0.049336
2 0.305263 0.448505 0.055502 0.089701
2 0.277512 0.465324 0.060548 0.087458
2 0.222641 0.470930 0.097129 0.130066
2 0.139387 0.488870 0.165246 0.188372
2 0.447804 0.446262 0.017660 0.040365
2 0.464833 0.450747 0.029013 0.058306
2 0.470509 0.458596 0.020183 0.056063
2 0.485646 0.456914 0.037843 0.079610
2 0.513398 0.472051 0.065594 0.100914
2 0.534842 0.497840 0.070639 0.107641
2 0.592867 0.524750 0.128665 0.170432
2 0.068203 0.539327 0.136407 0.248920
2 0.403654 0.503446 0.105959 0.152492
0 0.676925 0.483264 0.016398 0.109884
