2 0.677656 0.428148 0.009560 0.019424
2 0.668779 0.429362 0.010926 0.016996
2 0.632585 0.430576 0.009560 0.024281
2 0.649658 0.437860 0.027316 0.038849
2 0.688583 0.434218 0.023218 0.036421
2 0.580686 0.441502 0.036876 0.046133
2 0.529469 0.459713 0.030047 0.043705
2 0.442741 0.445144 0.039608 0.038849
2 0.379240 0.452833 0.032793 0.046133
2 0.297786 0.458337 0.052901 0.061025
2 0.170586 0.459389 0.053266 0.067986
2 0.087956 0.455747 0.144773 0.118975
2 0.417489 0.443121 0.038242 0.065558
2 0.622570 0.433004 0.012292 0.029137
