2 0.007311 0.499448 0.012673 0.097048
2 0.794956 0.640687 0.404545 0.459243
2 0.054102 0.483851 0.108204 0.107445
2 0.125263 0.478652 0.057514 0.090116
2 0.170591 0.474320 0.054589 0.074519
2 0.204222 0.473453 0.024370 0.065854
2 0.225668 0.473453 0.022421 0.058922
2 0.245164 0.473453 0.020471 0.051990
2 0.258811 0.473453 0.012673 0.038126
2 0.267585 0.473453 0.012673 0.041592
2 0.277333 0.470854 0.012673 0.032927
2 0.287568 0.469896 0.013647 0.038309
2 0.301216 0.469987 0.013647 0.031194
2 0.572700 0.572234 0.133549 0.180231
2 0.518598 0.537574 0.089682 0.128241
2 0.479118 0.525443 0.051665 0.097048
2 0.453773 0.514179 0.022421 0.060655
2 0.445487 0.508980 0.025345 0.064121
2 0.435252 0.498582 0.038018 0.060655
2 0.417705 0.496849 0.018521 0.039859
2 0.410394 0.495116 0.019496 0.032927
2 0.409419 0.485584 0.029244 0.027728
4 0.396259 0.472587 0.028269 0.057189
2 0.328791 0.476048 0.040381 0.029452
2 0.314376 0.472587 0.016572 0.022529
2 0.328510 0.474320 0.021446 0.036393
2 0.364578 0.489050 0.038992 0.058922
