2 0.017932 0.794199 0.035864 0.202361
2 0.169963 0.606962 0.339925 0.540799
4 0.795234 0.473127 0.408526 0.938755
2 0.344213 0.603619 0.108371 0.231468
2 0.399958 0.576591 0.073287 0.152464
2 0.436601 0.573126 0.023389 0.090092
2 0.446737 0.566196 0.018711 0.065144
2 0.456093 0.559266 0.021830 0.065144
2 0.468177 0.567582 0.010135 0.042967
2 0.474804 0.550949 0.017152 0.051283
2 0.487278 0.550256 0.009356 0.030493
2 0.640089 0.597382 0.024949 0.077618
2 0.620988 0.567582 0.036643 0.076232
2 0.599158 0.565503 0.022610 0.049897
2 0.592920 0.559266 0.027288 0.062372
2 0.580836 0.557187 0.029627 0.063758
2 0.565633 0.553029 0.028847 0.049897
2 0.549260 0.548177 0.025728 0.040195
2 0.518074 0.541940 0.030406 0.055441
4 0.536396 0.524615 0.026508 0.040195
2 0.468567 0.521150 0.020271 0.019405
2 0.489617 0.519764 0.014034 0.022177
2 0.493905 0.501745 0.008576 0.011088
2 0.520413 0.498973 0.011695 0.016632
2 0.517295 0.492043 0.014813 0.011088
2 0.505600 0.492043 0.010135 0.011088
