2 0.474098 0.414851 0.025950 0.038849
2 0.489121 0.428206 0.028681 0.050989
2 0.506193 0.436704 0.030047 0.053417
2 0.527363 0.441560 0.039608 0.067986
2 0.554679 0.457342 0.058729 0.104407
2 0.565605 0.464627 0.058729 0.099550
2 0.603164 0.475553 0.087410 0.131115
2 0.703549 0.493763 0.184381 0.211241
2 0.317715 0.426992 0.027316 0.019424
2 0.270596 0.436704 0.039608 0.038849
2 0.226208 0.441560 0.057363 0.048561
2 0.176357 0.440346 0.069655 0.050989
2 0.099190 0.447630 0.087410 0.084982
2 0.053009 0.498619 0.106019 0.128687
2 0.404443 0.507118 0.159797 0.247662
