2 0.553532 0.475048 0.020059 0.017830
2 0.612276 0.464859 0.022925 0.033113
2 0.633768 0.468680 0.031521 0.040755
2 0.660991 0.464859 0.028656 0.048396
2 0.701109 0.475048 0.068774 0.078962
2 0.768450 0.471227 0.094564 0.137547
2 0.857999 0.475048 0.150442 0.201227
2 0.484042 0.462312 0.116056 0.068774
2 0.469714 0.478868 0.087400 0.071321
2 0.433895 0.481416 0.101728 0.081510
2 0.407388 0.483963 0.143278 0.091698
2 0.367987 0.487783 0.141846 0.114623
2 0.295631 0.499246 0.229245 0.152830
2 0.259812 0.546368 0.246439 0.165566
2 0.158084 0.564199 0.306616 0.201227
2 0.091459 0.635519 0.181964 0.206321
2 0.921051 0.499246 0.157899 0.275095
