2 0.608798 0.440693 0.012292 0.019424
2 0.622456 0.444335 0.020487 0.029137
2 0.638845 0.446763 0.028681 0.038849
2 0.661381 0.452833 0.038242 0.055845
2 0.709183 0.463759 0.073752 0.087410
2 0.761766 0.473472 0.096971 0.097122
2 0.857371 0.495324 0.107897 0.155396
2 0.955024 0.512321 0.087410 0.160252
2 0.576702 0.449191 0.019121 0.019424
2 0.557581 0.455261 0.019121 0.026709
2 0.537094 0.462545 0.035510 0.041277
2 0.504998 0.464973 0.031413 0.050989
2 0.481097 0.467401 0.038242 0.065558
2 0.449001 0.474686 0.055997 0.075270
2 0.393004 0.483184 0.072387 0.116547
2 0.306960 0.522033 0.129749 0.194245
2 0.118311 0.525675 0.236622 0.206385
