0 0.929035 0.389013 0.043964 0.206053
0 0.142683 0.411217 0.023980 0.090592
2 0.439815 0.375691 0.014988 0.040855
2 0.415335 0.369474 0.043964 0.063947
2 0.403845 0.396118 0.038968 0.060395
2 0.316417 0.412105 0.133890 0.156316
2 0.459799 0.374803 0.010991 0.017763
2 0.475286 0.374803 0.011990 0.024868
2 0.484278 0.373914 0.009992 0.023092
2 0.495769 0.375691 0.014988 0.019539
2 0.514254 0.375691 0.009992 0.026645
2 0.530241 0.376579 0.023980 0.035526
2 0.548226 0.375691 0.009992 0.044408
2 0.573205 0.383684 0.047961 0.106579
2 0.673123 0.439638 0.199836 0.246908
2 0.041143 0.608388 0.080933 0.328618
2 0.045801 0.447632 0.091602 0.191842
2 0.172358 0.404704 0.034971 0.062171
2 0.926537 0.384572 0.122899 0.090592
2 0.856095 0.384572 0.103914 0.101250
0 0.196911 0.412452 0.017547 0.055456
