0 0.287527 0.498696 0.023993 0.078910
2 0.059595 0.466706 0.067180 0.074644
2 0.151368 0.486966 0.130761 0.085308
2 0.020800 0.473104 0.041600 0.104502
2 0.691207 0.483767 0.017995 0.023460
2 0.667214 0.479502 0.010797 0.019194
2 0.658817 0.485900 0.013196 0.027725
2 0.591037 0.484834 0.031191 0.055450
2 0.537053 0.476303 0.023993 0.038389
2 0.528084 0.492107 0.025249 0.057965
2 0.496865 0.499763 0.049185 0.059716
2 0.562246 0.506161 0.045586 0.063981
2 0.629426 0.492298 0.055184 0.091706
2 0.722398 0.489099 0.013196 0.021327
2 0.764985 0.491232 0.033590 0.042654
2 0.781181 0.513625 0.025193 0.027725
2 0.810572 0.511493 0.038389 0.049052
2 0.864556 0.504028 0.079176 0.106635
2 0.900542 0.545686 0.081582 0.083315
