0 0.152235 0.453779 0.015497 0.079592
0 0.136464 0.446021 0.019802 0.104082
0 0.096859 0.445255 0.030134 0.096429
0 0.065003 0.447551 0.035300 0.128571
0 0.745428 0.483521 0.022385 0.090306
5 0.203619 0.453827 0.033578 0.041327
5 0.203189 0.458419 0.043048 0.041327
5 0.201467 0.459184 0.048214 0.045918
2 0.465641 0.436225 0.007749 0.012245
2 0.473820 0.447704 0.024107 0.035204
2 0.500080 0.440817 0.016358 0.012245
2 0.504385 0.450000 0.016358 0.018367
2 0.517299 0.463010 0.026690 0.047449
2 0.539254 0.469898 0.046492 0.067347
2 0.441104 0.447704 0.008610 0.013776
2 0.434216 0.447704 0.008610 0.016837
2 0.427328 0.448470 0.008610 0.018367
2 0.420440 0.448470 0.015497 0.027551
2 0.416566 0.455357 0.011193 0.029082
2 0.410109 0.453061 0.013776 0.036735
2 0.402790 0.455357 0.019802 0.041327
2 0.395472 0.459949 0.020663 0.041327
2 0.381553 0.460714 0.019802 0.048980
2 0.369500 0.464541 0.026690 0.056633
2 0.451923 0.447857 0.007749 0.012245
2 0.486620 0.466225 0.034439 0.052041
2 0.621743 0.557799 0.189413 0.269388
2 0.339960 0.467493 0.053380 0.073469
