2 0.863192 0.604814 0.271971 0.464442
2 0.722333 0.513832 0.056539 0.074519
2 0.672130 0.493036 0.014622 0.022529
2 0.657020 0.486104 0.009748 0.019063
2 0.689189 0.490437 0.013647 0.017330
2 0.027295 0.514699 0.052640 0.256483
2 0.174491 0.518165 0.247601 0.187163
2 0.069211 0.459243 0.095531 0.058922
2 0.113565 0.453177 0.043866 0.032927
2 0.377251 0.486971 0.072136 0.051990
2 0.435739 0.484371 0.040942 0.036393
2 0.331922 0.476573 0.041917 0.031194
2 0.294879 0.473973 0.028269 0.032927
2 0.573187 0.484371 0.011698 0.015597
