0 0.389369 0.570949 0.017008 0.060474
2 0.351674 0.550050 0.013006 0.017787
2 0.342169 0.560721 0.016008 0.017787
2 0.314155 0.553607 0.020010 0.024901
2 0.302650 0.572283 0.023011 0.033794
2 0.285641 0.566057 0.017008 0.028459
4 0.256127 0.571393 0.052026 0.096047
2 0.225111 0.566057 0.020010 0.035573
2 0.198098 0.576729 0.020010 0.010672
2 0.221609 0.599852 0.019009 0.028459
2 0.203601 0.604299 0.037018 0.048024
2 0.149074 0.606077 0.032016 0.037352
2 0.108053 0.628310 0.048024 0.060474
2 0.083541 0.614081 0.015007 0.021344
2 0.053526 0.650544 0.083041 0.094269
2 0.012506 0.649654 0.025012 0.053360
2 0.542945 0.529743 0.048024 0.048024
