2 0.467345 0.400110 0.011959 0.017008
2 0.438644 0.402236 0.011959 0.017008
2 0.425489 0.395858 0.011959 0.025512
2 0.414129 0.400110 0.013155 0.021260
2 0.400974 0.402236 0.017938 0.029764
2 0.381840 0.402236 0.022721 0.034016
2 0.260699 0.411803 0.047835 0.065906
2 0.091484 0.419244 0.108824 0.080787
2 0.356488 0.405425 0.025113 0.036142
2 0.204658 0.420945 0.078927 0.089291
2 0.449212 0.403937 0.008371 0.017008
2 0.498243 0.399685 0.013155 0.017008
2 0.485963 0.403512 0.010120 0.017008
2 0.479864 0.377337 0.005576 0.014082
2 0.294740 0.400805 0.021451 0.027458
2 0.320053 0.404619 0.024025 0.028983
2 0.338072 0.397754 0.010297 0.018305
0 0.761434 0.443136 0.042903 0.135763
0 0.803050 0.256271 0.006006 0.027458
