2 0.437483 0.286848 0.016795 0.014929
2 0.419488 0.292180 0.016795 0.012796
2 0.475271 0.286848 0.010797 0.006398
2 0.451878 0.290047 0.011996 0.012796
2 0.498664 0.285782 0.016795 0.008531
2 0.515459 0.292180 0.019194 0.012796
2 0.550849 0.299644 0.010797 0.019194
2 0.547250 0.317772 0.027592 0.012796
2 0.544251 0.332701 0.019194 0.025592
2 0.562246 0.333768 0.050385 0.023460
2 0.571843 0.341232 0.052784 0.025592
2 0.592237 0.301777 0.028791 0.019194
2 0.605433 0.307109 0.035989 0.017062
2 0.654618 0.306042 0.047986 0.027725
2 0.616829 0.343365 0.070779 0.046919
2 0.685809 0.316706 0.043187 0.031990
2 0.725997 0.319905 0.068380 0.034123
2 0.714600 0.366824 0.095972 0.063981
2 0.352908 0.307109 0.027592 0.025592
2 0.325916 0.312441 0.023993 0.019194
2 0.312720 0.320971 0.016795 0.023460
2 0.295925 0.322038 0.021594 0.021327
2 0.281529 0.327369 0.021594 0.014929
2 0.260535 0.328436 0.017995 0.017062
2 0.246739 0.333768 0.028791 0.010663
2 0.346310 0.354028 0.035989 0.025592
2 0.325916 0.357227 0.033590 0.031990
2 0.297724 0.360426 0.044387 0.055450
4 0.243140 0.370023 0.127162 0.070379
2 0.177760 0.349763 0.053984 0.034123
2 0.132773 0.362559 0.059982 0.042654
2 0.094384 0.362559 0.047986 0.046919
2 0.080589 0.370023 0.051585 0.044787
2 0.029198 0.376422 0.058395 0.066114
2 0.017801 0.397749 0.035602 0.049052
4 0.396695 0.314573 0.016795 0.031990
