2 0.163543 0.513315 0.064237 0.048943
2 0.207132 0.507925 0.034413 0.034668
2 0.240971 0.502827 0.042442 0.053021
2 0.301767 0.489572 0.047031 0.059139
2 0.324135 0.487532 0.020648 0.042825
2 0.361989 0.484473 0.022942 0.032628
2 0.402957 0.475297 0.017698 0.026511
2 0.380343 0.483454 0.020648 0.034668
2 0.451381 0.489018 0.014912 0.020393
2 0.419836 0.487998 0.009177 0.014275
2 0.430160 0.493097 0.011471 0.012236
2 0.028104 0.563859 0.056208 0.091767
2 0.809159 0.487387 0.094062 0.085650
2 0.752378 0.489426 0.063090 0.065257
2 0.709362 0.484328 0.078002 0.071375
2 0.911250 0.497583 0.043589 0.065257
2 0.966884 0.496563 0.065384 0.095846
