0 0.259252 0.439051 0.030474 0.130645
0 0.101118 0.433360 0.038710 0.124458
0 0.159183 0.441413 0.034592 0.125922
0 0.044700 0.429699 0.046123 0.158134
0 0.143122 0.432628 0.025532 0.128850
0 0.480786 0.434138 0.014001 0.054176
0 0.472138 0.423888 0.009883 0.060033
0 0.398425 0.398265 0.007413 0.014642
0 0.389777 0.398997 0.006589 0.016106
0 0.379070 0.399729 0.011531 0.020499
0 0.370422 0.407050 0.009060 0.035141
0 0.333359 0.396068 0.007413 0.013178
0 0.321416 0.390943 0.008236 0.017570
0 0.307415 0.390943 0.016472 0.026356
0 0.769464 0.439994 0.003294 0.036605
0 0.774406 0.442923 0.003294 0.036605
0 0.763287 0.442191 0.005765 0.040998
0 0.781818 0.450244 0.006589 0.054176
0 0.792937 0.445119 0.007413 0.043926
0 0.800350 0.443655 0.004118 0.049783
0 0.788407 0.446583 0.004942 0.043926
0 0.736931 0.431209 0.009060 0.019035
2 0.716359 0.446538 0.014001 0.045390
2 0.584581 0.417986 0.043652 0.073210
2 0.496042 0.440681 0.019767 0.068818
2 0.430153 0.429699 0.052711 0.070282
2 0.400091 0.439949 0.061771 0.076139
2 0.689592 0.443609 0.046123 0.101030
2 0.632762 0.448002 0.075773 0.133243
4 0.699475 0.396755 0.047770 0.036605
4 0.644293 0.376256 0.057653 0.042462
4 0.497689 0.397487 0.032945 0.032213
2 0.542988 0.481679 0.116954 0.168384
2 0.331853 0.446407 0.086724 0.095434
2 0.879515 0.486749 0.168490 0.183051
