2 0.475635 0.476680 0.020010 0.024901
2 0.481638 0.474901 0.010005 0.021344
2 0.492143 0.475791 0.019009 0.026680
2 0.517656 0.481127 0.018009 0.023123
2 0.532663 0.475791 0.014007 0.030237
2 0.557175 0.469565 0.037018 0.056917
2 0.601697 0.466897 0.068034 0.076482
2 0.675234 0.491799 0.079039 0.101383
2 0.704748 0.497135 0.056028 0.101383
2 0.748270 0.497135 0.077038 0.112055
2 0.849220 0.513142 0.206102 0.183202
2 0.086443 0.498913 0.056028 0.062253
2 0.026413 0.508696 0.052026 0.064032
2 0.254026 0.476680 0.025012 0.035573
2 0.233515 0.479348 0.018009 0.019565
2 0.215506 0.477569 0.018009 0.019565
2 0.197498 0.477569 0.018009 0.019565
2 0.176987 0.479348 0.017008 0.023123
2 0.460628 0.470455 0.016008 0.023123
2 0.343570 0.473123 0.018009 0.021344
2 0.374085 0.472233 0.013006 0.016008
