3 0.066842 0.429102 0.131282 0.199830
2 0.185768 0.491949 0.060922 0.045763
2 0.243686 0.489661 0.051483 0.038136
2 0.292595 0.486610 0.036038 0.028983
2 0.324343 0.488136 0.025742 0.025932
2 0.349741 0.487220 0.025055 0.018305
2 0.435032 0.497288 0.012013 0.019831
2 0.475789 0.497669 0.016303 0.020593
2 0.741141 0.526271 0.020593 0.019831
2 0.886152 0.532373 0.025742 0.025932
2 0.375140 0.478830 0.018877 0.022881
2 0.394017 0.478068 0.017161 0.021356
2 0.531991 0.514449 0.075508 0.086949
2 0.449104 0.502627 0.013729 0.025932
