2 0.515017 0.592368 0.062165 0.098615
3 0.272572 0.570945 0.086075 0.136020
4 0.384470 0.616002 0.177889 0.144521
2 0.042559 0.668709 0.085119 0.134320
2 0.629784 0.625353 0.217101 0.139421
0 0.746273 0.615151 0.027735 0.112217
0 0.829001 0.599849 0.022953 0.091814
0 0.478961 0.616002 0.022953 0.090113
0 0.244836 0.626203 0.022953 0.093514
0 0.229056 0.596449 0.006695 0.057809
0 0.125287 0.618552 0.024866 0.081612
0 0.190800 0.604100 0.018171 0.079912
0 0.210406 0.605800 0.015302 0.059509
0 0.255835 0.617702 0.023910 0.107116
0 0.850041 0.624503 0.042081 0.130919
