2 0.598851 0.570000 0.090703 0.135000
2 0.740918 0.563750 0.062227 0.067500
2 0.718945 0.542500 0.037969 0.071250
2 0.645644 0.541250 0.022148 0.037500
2 0.695742 0.537500 0.021094 0.022500
2 0.017402 0.543250 0.034805 0.097750
2 0.473379 0.535625 0.036914 0.037500
2 0.536308 0.530937 0.024258 0.028125
2 0.369316 0.537500 0.024258 0.026250
2 0.328610 0.539156 0.030435 0.026438
2 0.062754 0.536812 0.053789 0.069375
2 0.394453 0.536250 0.016875 0.022500
2 0.555820 0.531562 0.014766 0.024375
4 0.080684 0.518036 0.093867 0.078750
