2 0.222147 0.645142 0.058783 0.036256
2 0.181958 0.639810 0.033590 0.042654
2 0.283928 0.656872 0.031191 0.034123
2 0.317518 0.653673 0.040788 0.070379
2 0.372702 0.653673 0.021594 0.049052
3 0.396095 0.633412 0.075578 0.089573
2 0.340911 0.678199 0.073178 0.093839
2 0.538253 0.660071 0.035989 0.027725
2 0.679901 0.672240 0.035808 0.039268
2 0.744591 0.672867 0.035989 0.031990
2 0.491467 0.682464 0.088774 0.102370
2 0.615630 0.687796 0.092373 0.095971
2 0.836964 0.690995 0.167950 0.179147
2 0.888491 0.789099 0.223018 0.418009
