2 0.439277 0.435000 0.017930 0.009375
2 0.438223 0.450000 0.020039 0.028125
2 0.436640 0.458437 0.016875 0.030000
2 0.419238 0.463125 0.024258 0.039375
2 0.517851 0.456562 0.008437 0.026250
2 0.523125 0.459375 0.008437 0.031875
2 0.534199 0.466875 0.024258 0.039375
2 0.545801 0.478125 0.028477 0.043125
2 0.552656 0.490312 0.029531 0.048750
2 0.569004 0.480000 0.017930 0.028125
2 0.588515 0.499687 0.042187 0.056250
2 0.320625 0.523125 0.056953 0.099375
4 0.258398 0.546562 0.099141 0.129375
2 0.609609 0.530625 0.080156 0.116250
2 0.915996 0.555000 0.165586 0.303750
2 0.405527 0.477187 0.030586 0.043125
2 0.468808 0.454687 0.024258 0.031875
2 0.028477 0.567187 0.056953 0.166875
