2 0.508850 0.434981 0.015597 0.020796
2 0.529808 0.447978 0.034118 0.095315
2 0.453286 0.436714 0.017547 0.020796
2 0.441588 0.443646 0.013647 0.031194
2 0.425991 0.441913 0.017547 0.045058
2 0.406982 0.440180 0.024370 0.055456
2 0.382612 0.444512 0.039967 0.060655
2 0.345569 0.463575 0.055564 0.057189
2 0.285619 0.466175 0.062388 0.090116
2 0.243702 0.485238 0.052640 0.097048
2 0.789594 0.472240 0.070186 0.091849
2 0.859781 0.491303 0.146221 0.126508
2 0.733543 0.496502 0.129649 0.136906
2 0.592683 0.535494 0.165717 0.249551
2 0.490328 0.434981 0.013647 0.024262
2 0.129649 0.499020 0.189113 0.176929
2 0.887563 0.678466 0.221281 0.490437
2 0.669693 0.473107 0.025345 0.055456
