2 0.317698 0.642857 0.023763 0.027551
2 0.294451 0.647449 0.014464 0.025714
2 0.276371 0.645612 0.023763 0.040408
2 0.254675 0.644694 0.025829 0.042245
2 0.232978 0.648367 0.023763 0.053265
2 0.203533 0.652041 0.043393 0.060612
2 0.195268 0.661224 0.026862 0.042245
2 0.160140 0.663061 0.055791 0.078980
2 0.098150 0.666735 0.080587 0.093673
2 0.034611 0.670408 0.069222 0.137755
2 0.372972 0.660306 0.023763 0.033061
2 0.393635 0.671326 0.017564 0.040408
2 0.415848 0.681428 0.026862 0.053265
2 0.434445 0.690612 0.028929 0.060612
2 0.458208 0.705306 0.053724 0.078980
2 0.505217 0.726428 0.083686 0.110204
2 0.625580 0.765918 0.193201 0.178163
2 0.849777 0.873367 0.299617 0.247959
