2 0.380175 0.561836 0.027295 0.038126
2 0.359704 0.560969 0.009748 0.022529
2 0.350931 0.559236 0.011698 0.025995
2 0.342158 0.566168 0.009748 0.019063
2 0.334359 0.567035 0.011698 0.024262
2 0.319250 0.574833 0.018521 0.032927
2 0.224206 0.582632 0.023395 0.051990
2 0.208609 0.583498 0.019496 0.060655
2 0.159381 0.591297 0.090657 0.097048
2 0.272946 0.596496 0.074085 0.090116
2 0.427941 0.575700 0.011698 0.020796
2 0.445975 0.589564 0.012673 0.034660
2 0.453773 0.593896 0.018521 0.032927
2 0.465471 0.605161 0.014622 0.045058
2 0.483505 0.606894 0.019496 0.041592
2 0.494228 0.614692 0.021446 0.046791
2 0.511287 0.621624 0.034118 0.057189
2 0.530783 0.631156 0.041917 0.069320
2 0.563439 0.647619 0.077985 0.095315
