2 0.337796 0.492179 0.036987 0.044092
2 0.306906 0.499516 0.024792 0.042443
2 0.286246 0.509311 0.029383 0.045707
2 0.243549 0.509311 0.078049 0.075091
2 0.141788 0.552151 0.195908 0.164035
2 0.454282 0.490538 0.020201 0.031016
2 0.385874 0.492171 0.032138 0.034281
2 0.493766 0.500333 0.018365 0.073458
2 0.518558 0.504414 0.045911 0.094680
2 0.554369 0.519921 0.080804 0.132225
2 0.427194 0.501149 0.039484 0.048972
2 0.362390 0.493171 0.019379 0.031900
2 0.469334 0.491895 0.013637 0.029348
2 0.848137 0.507633 0.068904 0.049764
