2 0.015461 0.407734 0.029897 0.078661
2 0.077646 0.362025 0.080123 0.059528
2 0.118903 0.380096 0.071752 0.065906
2 0.210662 0.394299 0.079572 0.085808
2 0.255232 0.380399 0.016742 0.044646
2 0.285727 0.379336 0.037072 0.042520
2 0.337747 0.363392 0.023917 0.040394
2 0.373025 0.361266 0.017938 0.027638
2 0.411891 0.357469 0.026309 0.025512
2 0.436406 0.349421 0.017938 0.025816
2 0.454942 0.349269 0.019134 0.021260
2 0.451354 0.370529 0.019134 0.029764
4 0.480653 0.345017 0.029897 0.042520
2 0.480055 0.394978 0.047835 0.070157
2 0.519519 0.391789 0.028701 0.038268
2 0.510550 0.370529 0.013155 0.017008
2 0.501581 0.350332 0.014350 0.023386
2 0.559580 0.400748 0.049031 0.082913
2 0.603229 0.435371 0.081319 0.108425
2 0.629538 0.388600 0.062185 0.065906
2 0.676775 0.391789 0.039464 0.046772
2 0.706672 0.394978 0.025113 0.027638
2 0.752115 0.391789 0.070556 0.055276
2 0.820279 0.446001 0.111216 0.095669
2 0.715043 0.505529 0.199710 0.201969
0 0.839413 0.385411 0.017938 0.029764
0 0.797558 0.382525 0.013155 0.031890
0 0.789186 0.379336 0.008371 0.029764
0 0.880072 0.397407 0.013155 0.057402
0 0.890835 0.404848 0.015546 0.076535
0 0.891775 0.406063 0.011959 0.072283
0 0.906381 0.407430 0.010763 0.078661
0 0.946728 0.421299 0.021526 0.095669
