2 0.486104 0.543368 0.020663 0.048980
2 0.442194 0.542602 0.027551 0.038265
2 0.250887 0.530357 0.024107 0.032143
2 0.065434 0.538776 0.025829 0.039796
2 0.499104 0.533419 0.018080 0.019898
4 0.409563 0.528061 0.047353 0.036735
2 0.886799 0.556378 0.028412 0.018367
2 0.855804 0.554082 0.035300 0.019898
2 0.730533 0.544898 0.020663 0.019898
2 0.745169 0.546429 0.025829 0.022959
0 0.770912 0.541072 0.017046 0.067347
2 0.464407 0.547194 0.039605 0.062755
2 0.330973 0.519643 0.103160 0.166837
2 0.167952 0.570000 0.192625 0.183674
2 0.601854 0.622805 0.232281 0.310712
2 0.019821 0.564484 0.037729 0.142821
