2 0.116490 0.243485 0.166692 0.299808
2 0.717459 0.291143 0.315838 0.322336
2 0.890000 0.169833 0.101380 0.138639
0 0.012619 0.231354 0.019603 0.109178
0 0.024858 0.190629 0.014622 0.041592
0 0.582935 0.173299 0.017547 0.076252
0 0.619978 0.156836 0.015597 0.036393
0 0.496665 0.175032 0.014622 0.065854
2 0.324611 0.181098 0.025345 0.039859
2 0.372864 0.172433 0.018521 0.032927
2 0.348981 0.168967 0.015597 0.025995
4 0.296342 0.160302 0.027295 0.050257
0 0.534116 0.174844 0.013184 0.046875
0 0.398326 0.165469 0.010547 0.046875
0 0.216392 0.178359 0.010547 0.035156
