0 0.424804 0.408823 0.011439 0.045365
0 0.362769 0.407259 0.010559 0.045365
0 0.338131 0.412734 0.014079 0.056315
0 0.326692 0.398655 0.008799 0.046929
0 0.309534 0.393962 0.009679 0.031286
0 0.911167 0.424548 0.029004 0.098716
0 0.955398 0.445584 0.013199 0.071958
0 0.976077 0.430723 0.017598 0.092294
0 0.886324 0.427595 0.019358 0.092294
0 0.874885 0.411951 0.007039 0.061008
0 0.863006 0.417427 0.018478 0.071958
0 0.994115 0.439327 0.009679 0.112630
2 0.453841 0.413516 0.013199 0.026593
2 0.427883 0.409605 0.035197 0.040672
2 0.405445 0.411169 0.021998 0.037543
2 0.386087 0.414113 0.039597 0.037914
4 0.488158 0.365804 0.037837 0.040672
2 0.478479 0.418209 0.039597 0.064137
2 0.573511 0.409605 0.050156 0.087601
2 0.703300 0.427595 0.047516 0.089166
2 0.834409 0.411169 0.066874 0.071958
2 0.778973 0.455752 0.114390 0.111066
2 0.659744 0.463574 0.118790 0.145481
2 0.533474 0.456534 0.128469 0.212746
2 0.276536 0.422119 0.089752 0.112630
2 0.218461 0.456534 0.121430 0.131402
2 0.096032 0.479999 0.192064 0.175203
0 0.068434 0.374408 0.023758 0.042236
