2 0.870503 0.640340 0.257349 0.448845
2 0.694551 0.559756 0.092607 0.100514
2 0.602919 0.565822 0.069211 0.084917
2 0.495202 0.549358 0.050690 0.065854
2 0.365066 0.558023 0.088708 0.110911
2 0.223231 0.560623 0.132574 0.129974
2 0.098943 0.564955 0.137448 0.124775
2 0.318762 0.545892 0.037043 0.079718
2 0.284644 0.543293 0.027295 0.074519
2 0.432815 0.539827 0.046791 0.071053
2 0.553203 0.548492 0.028269 0.046791
2 0.533707 0.542426 0.012673 0.038126
4 0.599507 0.517298 0.040942 0.025995
2 0.454260 0.543293 0.007798 0.043325
2 0.467420 0.541560 0.016572 0.036393
4 0.462477 0.506909 0.028131 0.029443
2 0.469600 0.485147 0.014238 0.014045
2 0.484967 0.505167 0.010723 0.012131
2 0.487891 0.490437 0.010723 0.010398
2 0.506413 0.490437 0.010723 0.010398
2 0.497152 0.482638 0.007798 0.019063
