2 0.125566 0.412441 0.011959 0.012756
2 0.142906 0.431575 0.041855 0.034016
2 0.143504 0.446457 0.050226 0.055276
2 0.196122 0.414567 0.014350 0.008504
2 0.221833 0.434764 0.015546 0.031890
2 0.236782 0.437953 0.026309 0.042520
2 0.316307 0.453898 0.058597 0.070157
2 0.280431 0.449646 0.039464 0.057402
2 0.406595 0.457087 0.076535 0.059528
2 0.461604 0.505984 0.090886 0.106299
2 0.371914 0.525118 0.112411 0.161575
2 0.245153 0.442205 0.028701 0.038268
2 0.566841 0.511299 0.176988 0.180709
2 0.077133 0.441142 0.080123 0.061654
2 0.178184 0.493228 0.112411 0.153071
0 0.041855 0.424134 0.021526 0.057402
0 0.084309 0.457087 0.025113 0.089291
0 0.063979 0.454961 0.022721 0.089291
0 0.024515 0.479410 0.034680 0.138189
