2 0.482432 0.401707 0.051665 0.072786
2 0.404935 0.372247 0.025345 0.034660
2 0.263588 0.400841 0.081884 0.081451
2 0.466348 0.378312 0.035093 0.060655
2 0.441978 0.358383 0.021446 0.027728
2 0.256764 0.349718 0.027295 0.017330
2 0.283194 0.348851 0.027075 0.015597
2 0.250160 0.338676 0.015597 0.006932
2 0.210461 0.358383 0.041917 0.041592
2 0.164158 0.366181 0.044841 0.046791
2 0.133451 0.356650 0.020471 0.038126
2 0.308649 0.309339 0.013647 0.012131
2 0.302800 0.315404 0.007798 0.013864
2 0.301337 0.320603 0.006824 0.017330
2 0.289152 0.315404 0.013647 0.013864
2 0.288665 0.328402 0.012672 0.012131
2 0.274043 0.326669 0.012673 0.008665
2 0.274043 0.335334 0.008773 0.008665
2 0.263320 0.340533 0.014622 0.012131
2 0.323758 0.309339 0.010723 0.008665
2 0.317909 0.317137 0.010723 0.013864
2 0.314010 0.321470 0.012673 0.008665
2 0.311086 0.327535 0.016572 0.010398
2 0.306699 0.337067 0.015597 0.012131
2 0.332044 0.313672 0.007798 0.010398
2 0.340330 0.313672 0.012672 0.010398
2 0.331069 0.324069 0.011698 0.010398
2 0.332044 0.333601 0.015597 0.015597
2 0.326682 0.340533 0.024370 0.019063
2 0.324245 0.350064 0.015597 0.020796
2 0.365187 0.310206 0.009748 0.010398
2 0.374935 0.313672 0.009748 0.010398
2 0.351540 0.315404 0.013647 0.010398
2 0.357389 0.324936 0.009748 0.012131
2 0.364213 0.320603 0.009748 0.010398
2 0.372986 0.324069 0.013647 0.013864
2 0.361776 0.331868 0.008773 0.015597
2 0.354952 0.325802 0.008773 0.013864
2 0.370061 0.337933 0.013647 0.013864
2 0.382734 0.329268 0.013647 0.020796
2 0.392482 0.338800 0.013647 0.019063
2 0.406617 0.337933 0.014622 0.013864
2 0.422701 0.347465 0.017547 0.022529
2 0.406617 0.348331 0.016572 0.010398
2 0.396869 0.346598 0.010723 0.013864
2 0.079081 0.380144 0.084808 0.088383
2 0.020775 0.370693 0.039602 0.069159
2 0.371036 0.360215 0.019496 0.024262
2 0.236513 0.348208 0.005849 0.022529
