2 0.835917 0.664979 0.022215 0.030380
2 0.795759 0.665823 0.017089 0.028692
2 0.791487 0.670042 0.012342 0.027004
2 0.781993 0.666666 0.021835 0.050633
2 0.767753 0.669198 0.027532 0.045570
2 0.767753 0.675105 0.021835 0.043882
2 0.757310 0.681012 0.019937 0.055696
2 0.736424 0.675949 0.027532 0.059072
2 0.747341 0.679325 0.015190 0.059072
2 0.719050 0.686076 0.048987 0.069198
2 0.710221 0.696202 0.027532 0.075949
2 0.696455 0.697890 0.030380 0.086076
2 0.663702 0.700422 0.067405 0.108017
2 0.591688 0.701266 0.129789 0.143460
2 0.811519 0.666666 0.024684 0.033755
2 0.339873 0.721157 0.341772 0.192405
0 0.907120 0.659915 0.016139 0.070886
0 0.894778 0.663291 0.016139 0.074262
0 0.901803 0.667510 0.014240 0.079325
