2 0.526396 0.477439 0.013647 0.039859
2 0.550279 0.479172 0.047766 0.077985
2 0.584397 0.477439 0.067262 0.081451
2 0.668718 0.473973 0.124775 0.154236
2 0.720383 0.487837 0.179365 0.181964
2 0.861402 0.499928 0.276190 0.258295
2 0.301216 0.462709 0.019496 0.079718
3 0.253450 0.445379 0.146221 0.093582
2 0.285131 0.463575 0.026320 0.088383
2 0.253450 0.466175 0.035093 0.100514
2 0.221281 0.463575 0.044841 0.109178
2 0.158894 0.467908 0.095531 0.124775
2 0.058001 0.478720 0.116002 0.169004
2 0.016572 0.535211 0.033143 0.093015
