0 0.441909 0.513791 0.009361 0.012481
0 0.429623 0.515871 0.005850 0.016641
0 0.420847 0.516911 0.009361 0.014561
0 0.397446 0.554353 0.009361 0.039522
0 0.367024 0.575154 0.009361 0.081125
0 0.374630 0.572034 0.010531 0.087365
0 0.382235 0.576195 0.016381 0.099846
0 0.323732 0.586595 0.030422 0.133128
0 0.234806 0.596996 0.053823 0.208012
2 0.502752 0.576195 0.018721 0.037442
2 0.524984 0.583475 0.032762 0.052003
2 0.565351 0.576195 0.066694 0.112327
2 0.873665 0.618837 0.231674 0.205932
2 0.449514 0.604276 0.104136 0.168490
2 0.672998 0.614677 0.169660 0.222573
0 0.994182 0.625077 0.009361 0.147689
