2 0.415206 0.434708 0.023196 0.039175
2 0.388531 0.435739 0.034794 0.057732
2 0.240657 0.478007 0.022036 0.088660
3 0.488467 0.419931 0.024356 0.045361
2 0.472036 0.432646 0.039433 0.059794
2 0.504510 0.417182 0.011598 0.020619
2 0.516108 0.424399 0.027835 0.035052
2 0.517268 0.432646 0.023196 0.047423
2 0.537758 0.438488 0.053351 0.070103
2 0.450773 0.448797 0.064948 0.090722
2 0.319717 0.482818 0.148454 0.216495
2 0.796199 0.411684 0.091624 0.086598
2 0.900580 0.413746 0.184407 0.111340
2 0.968428 0.364605 0.039433 0.063918
2 0.988144 0.372852 0.020876 0.105155
