3 0.033044 0.472228 0.065067 0.195968
3 0.115718 0.481074 0.080377 0.142893
0 0.183465 0.528932 0.032151 0.149698
0 0.263714 0.504889 0.005358 0.023135
0 0.476140 0.521900 0.016841 0.032661
0 0.505995 0.557283 0.019903 0.117036
0 0.547332 0.517818 0.013779 0.038105
0 0.576421 0.530066 0.016841 0.048992
0 0.239601 0.494002 0.006124 0.014970
2 0.255294 0.539592 0.032916 0.081653
2 0.192140 0.533468 0.107170 0.148337
2 0.375477 0.576336 0.124776 0.144254
2 0.718804 0.705620 0.393467 0.421875
0 0.455721 0.514205 0.010520 0.023804
0 0.297370 0.529507 0.010520 0.071411
