0 0.139268 0.457500 0.059326 0.140625
0 0.857773 0.492656 0.032959 0.145312
0 0.844590 0.477422 0.030322 0.124219
0 0.176182 0.428203 0.009229 0.044531
1 0.648154 0.520781 0.072510 0.318750
5 0.648154 0.587578 0.067236 0.208594
0 0.015911 0.452812 0.031822 0.168750
1 0.984995 0.582890 0.029004 0.067969
5 0.970493 0.745781 0.058008 0.300000
2 0.075987 0.450468 0.104150 0.103125
2 0.239463 0.431718 0.048779 0.023437
2 0.319224 0.424687 0.023730 0.023437
2 0.357275 0.424922 0.013184 0.011719
2 0.378369 0.422578 0.015820 0.016406
2 0.395508 0.419062 0.015820 0.014062
3 0.355957 0.415547 0.052734 0.039844
4 0.562461 0.477422 0.388916 0.232031
2 0.004046 0.463359 0.008091 0.063281
