0 0.784822 0.436649 0.019110 0.057219
0 0.319139 0.380324 0.009052 0.059007
0 0.298017 0.374960 0.015087 0.059007
0 0.329699 0.372278 0.016093 0.039338
0 0.349815 0.371384 0.008046 0.023245
0 0.341266 0.373172 0.007041 0.030397
0 0.361382 0.375854 0.011064 0.042914
0 0.276392 0.353503 0.012070 0.030397
2 0.277901 0.405358 0.043249 0.130530
2 0.440840 0.383007 0.021122 0.032185
2 0.488112 0.401781 0.023133 0.048278
2 0.505211 0.397311 0.013075 0.032185
2 0.480066 0.375854 0.015087 0.014305
2 0.512754 0.390159 0.018104 0.028609
2 0.545442 0.390159 0.009052 0.025033
2 0.561032 0.401781 0.018104 0.037550
2 0.464979 0.406252 0.041238 0.060795
2 0.400105 0.409828 0.082475 0.092980
2 0.149260 0.469728 0.298520 0.473841
