4 0.125396 0.395600 0.250792 0.735702
2 0.536924 0.625052 0.427490 0.437051
2 0.850371 0.671185 0.297741 0.432195
2 0.233037 0.451446 0.095605 0.245234
2 0.293814 0.441733 0.094239 0.133543
2 0.349128 0.429593 0.043705 0.094694
2 0.633211 0.474512 0.158431 0.233094
4 0.432441 0.399242 0.128384 0.165108
2 0.357323 0.372534 0.051900 0.029137
4 0.544435 0.385888 0.027316 0.026709
2 0.511277 0.381370 0.045678 0.021177
2 0.517803 0.400456 0.050534 0.016996
0 0.720621 0.468789 0.010926 0.070414
0 0.734962 0.460291 0.006829 0.058273
