2 0.432953 0.616727 0.019121 0.033993
2 0.412467 0.621583 0.035510 0.053417
2 0.390614 0.631295 0.032779 0.043705
2 0.368116 0.620617 0.036951 0.070909
3 0.320959 0.624011 0.073752 0.092266
2 0.293643 0.634938 0.040974 0.084982
2 0.211696 0.644716 0.035510 0.085114
2 0.482804 0.619155 0.009560 0.019424
2 0.490999 0.615513 0.012292 0.036421
2 0.529241 0.610657 0.012292 0.036421
2 0.537436 0.613085 0.012292 0.021853
2 0.765688 0.547905 0.038365 0.033282
2 0.577783 0.591684 0.029023 0.108360
2 0.170723 0.660432 0.103800 0.116547
2 0.260865 0.641008 0.079215 0.111691
2 0.453440 0.624011 0.024584 0.033993
2 0.511486 0.619155 0.036876 0.053417
2 0.676063 0.632798 0.204868 0.273793
2 0.892453 0.610198 0.213573 0.195754
0 0.917335 0.634230 0.056163 0.314099
0 0.071704 0.665288 0.017755 0.063130
0 0.109946 0.667716 0.015024 0.063130
4 0.248573 0.388085 0.010926 0.050989
