0 0.451255 0.419811 0.016389 0.050989
0 0.312764 0.393346 0.008195 0.024281
0 0.303887 0.393346 0.006829 0.024281
0 0.290912 0.388490 0.013658 0.029137
0 0.272474 0.403058 0.012292 0.067986
0 0.256767 0.389704 0.010926 0.036421
0 0.244475 0.388490 0.013658 0.038849
2 0.486765 0.411313 0.005463 0.019424
2 0.478571 0.412182 0.013658 0.021162
2 0.466278 0.403058 0.008195 0.019424
2 0.430085 0.410342 0.025950 0.033993
2 0.426671 0.429767 0.010926 0.033993
2 0.454669 0.421268 0.036876 0.041277
2 0.620612 0.435837 0.040974 0.055845
2 0.755825 0.447977 0.062826 0.060701
2 0.835723 0.469830 0.124286 0.143256
2 0.362786 0.488040 0.169357 0.194245
0 0.509608 0.417453 0.012292 0.031565
2 0.553313 0.445375 0.091507 0.135971
2 0.678282 0.503649 0.161162 0.174820
2 0.112421 0.608749 0.224842 0.490468
4 0.924806 0.507638 0.148870 0.201529
2 0.187146 0.444079 0.044963 0.039079
0 0.097720 0.394342 0.033972 0.127895
0 0.066245 0.370362 0.028976 0.072829
0 0.039268 0.356151 0.024979 0.051513
