2 0.273726 0.500510 0.016484 0.021429
2 0.231601 0.494388 0.018080 0.015306
2 0.216964 0.494388 0.012915 0.009184
2 0.214812 0.502806 0.012054 0.016837
2 0.268192 0.504337 0.017219 0.022959
2 0.294452 0.502041 0.021524 0.024490
2 0.200606 0.509694 0.023246 0.033673
2 0.088680 0.524235 0.031856 0.062755
2 0.059407 0.509694 0.037022 0.048980
2 0.288425 0.532653 0.033578 0.042857
2 0.173055 0.531123 0.061129 0.097959
2 0.039820 0.548725 0.079640 0.114796
2 0.127854 0.551786 0.092985 0.120918
2 0.246668 0.509694 0.037883 0.030612
2 0.241072 0.586990 0.102455 0.148469
2 0.338361 0.557908 0.083514 0.133163
4 0.444691 0.497449 0.168750 0.284694
