2 0.248033 0.444609 0.092285 0.053906
2 0.344092 0.449832 0.013184 0.011719
2 0.326294 0.447489 0.025049 0.030469
2 0.431762 0.449832 0.009229 0.021094
2 0.441650 0.455692 0.021094 0.042187
2 0.506909 0.446317 0.022412 0.018750
2 0.516797 0.467410 0.031641 0.042187
2 0.557006 0.470926 0.043506 0.053906
2 0.586670 0.479129 0.050098 0.056250
2 0.401621 0.444609 0.011865 0.021094
2 0.416123 0.451640 0.014502 0.021094
2 0.471494 0.464531 0.059326 0.079687
2 0.640903 0.479765 0.084375 0.091406
4 0.038982 0.383672 0.077964 0.157031
2 0.153532 0.425449 0.077010 0.057189
2 0.098943 0.430648 0.024370 0.064121
