0 0.152440 0.259206 0.007456 0.045884
0 0.060960 0.257677 0.019501 0.077492
0 0.280628 0.276030 0.012618 0.044864
0 0.261701 0.282658 0.018353 0.076473
0 0.576578 0.309824 0.013765 0.063218
0 0.707715 0.331746 0.013192 0.062198
0 0.639504 0.323735 0.013192 0.084630
0 0.504606 0.297428 0.008030 0.043844
0 0.517797 0.296409 0.009177 0.047923
0 0.509481 0.306095 0.016633 0.071375
0 0.620238 0.283427 0.008603 0.052002
0 0.182622 0.271702 0.015486 0.036707
1 0.676211 0.373187 0.056208 0.152946
5 0.668755 0.418051 0.105532 0.124396
2 0.115570 0.260517 0.068826 0.043844
2 0.340556 0.449684 0.004588 0.003059
2 0.490825 0.297248 0.037854 0.040785
4 0.597792 0.290111 0.037280 0.061178
0 0.875832 0.406883 0.244331 0.550604
5 0.800984 0.572064 0.087753 0.183535
