2 0.323179 0.489140 0.015820 0.039844
2 0.311314 0.493828 0.021094 0.039844
2 0.298789 0.493828 0.019775 0.039844
2 0.282310 0.495000 0.026367 0.046875
2 0.174864 0.514922 0.046143 0.063281
2 0.124107 0.514922 0.073828 0.105469
2 0.395689 0.473906 0.015820 0.018750
2 0.393052 0.492656 0.013184 0.032812
2 0.453037 0.461015 0.077783 0.035156
2 0.368003 0.496172 0.050098 0.077344
4 0.385142 0.450468 0.026367 0.023437
2 0.259898 0.495000 0.042187 0.046875
6 0.247373 0.507890 0.038232 0.044531
2 0.450401 0.585234 0.156885 0.227344
