2 0.487624 0.604953 0.086922 0.109528
2 0.406911 0.559953 0.057311 0.038208
2 0.238559 0.573963 0.050147 0.050943
2 0.282975 0.581604 0.050147 0.050943
2 0.157606 0.582878 0.108892 0.073868
3 0.970473 0.511133 0.057311 0.371887
2 0.575024 0.548491 0.025790 0.035660
2 0.639261 0.553161 0.021492 0.028019
2 0.681050 0.557406 0.028656 0.038208
2 0.607023 0.552312 0.023880 0.033113
2 0.708989 0.551038 0.027223 0.040755
2 0.656693 0.530661 0.024835 0.033962
2 0.547562 0.542548 0.018626 0.025472
2 0.536100 0.555284 0.021492 0.035660
2 0.618485 0.542548 0.011462 0.025472
2 0.664750 0.550156 0.013093 0.021160
