2 0.335678 0.336789 0.016804 0.012803
2 0.333677 0.351726 0.012803 0.025606
2 0.320874 0.353859 0.020805 0.038409
2 0.313272 0.356705 0.013603 0.032719
2 0.296869 0.354571 0.035208 0.051212
2 0.349681 0.350303 0.025606 0.042677
2 0.401693 0.320430 0.046411 0.022761
2 0.382088 0.338211 0.026406 0.024183
2 0.371686 0.355282 0.031207 0.049789
2 0.494914 0.364529 0.013603 0.028451
2 0.512518 0.364529 0.028006 0.048367
2 0.513319 0.372353 0.026406 0.038409
2 0.552928 0.399381 0.088020 0.115227
2 0.439702 0.413192 0.154436 0.271826
2 0.719633 0.363462 0.073617 0.015648
2 0.716032 0.379821 0.034408 0.022761
2 0.760042 0.381955 0.101623 0.069705
2 0.652017 0.437197 0.165638 0.170706
2 0.846595 0.530896 0.305671 0.472287
2 0.211249 0.361565 0.096022 0.086776
2 0.176841 0.362988 0.128030 0.089621
2 0.158036 0.376265 0.092021 0.075395
2 0.112826 0.374842 0.083219 0.086776
2 0.069216 0.371997 0.138432 0.123762
2 0.045611 0.386934 0.091221 0.122339
2 0.018804 0.423209 0.037609 0.086776
