2 0.459757 0.367678 0.008195 0.024281
2 0.469317 0.371320 0.016389 0.031565
2 0.403760 0.365250 0.005463 0.019424
2 0.396931 0.365250 0.008195 0.019424
2 0.385322 0.372534 0.017755 0.038849
2 0.425612 0.366464 0.010926 0.016996
2 0.148358 0.371320 0.024584 0.012140
2 0.140846 0.394386 0.028681 0.043705
2 0.118994 0.399242 0.028681 0.043705
2 0.629797 0.360393 0.025950 0.014568
2 0.442002 0.370106 0.030047 0.048561
2 0.489804 0.382246 0.035510 0.043705
2 0.192746 0.399242 0.083313 0.097122
4 0.067094 0.399242 0.072387 0.072842
2 0.288351 0.381032 0.017755 0.026709
4 0.355957 0.359179 0.046437 0.075270
2 0.748620 0.498793 0.282717 0.286511
