2 0.417705 0.574487 0.010723 0.036393
2 0.407470 0.585751 0.013647 0.045058
2 0.390898 0.587484 0.037043 0.055456
2 0.319737 0.595283 0.033143 0.057189
2 0.209096 0.626477 0.038018 0.081451
2 0.142809 0.622144 0.088708 0.121309
2 0.256374 0.653338 0.138423 0.176765
2 0.447437 0.610013 0.072136 0.103980
2 0.480580 0.578819 0.017547 0.045058
2 0.561002 0.589217 0.057514 0.069320
2 0.622902 0.595283 0.068237 0.084917
2 0.874403 0.604814 0.247601 0.259949
0 0.707710 0.590084 0.023395 0.157702
0 0.689189 0.597882 0.025345 0.142105
0 0.738904 0.558890 0.015597 0.067587
0 0.724770 0.560623 0.018521 0.074519
2 0.350931 0.602215 0.050690 0.067587
