0 0.609551 0.587666 0.035811 0.117533
2 0.288477 0.598549 0.039484 0.035913
2 0.399582 0.577328 0.015610 0.016324
2 0.379841 0.580593 0.020201 0.016324
2 0.364690 0.581409 0.015610 0.021221
2 0.416570 0.577328 0.023874 0.039178
2 0.488957 0.580593 0.032138 0.042443
2 0.530277 0.580593 0.041320 0.081620
2 0.596083 0.578303 0.100087 0.136259
2 0.684539 0.615417 0.155181 0.153446
2 0.874001 0.674456 0.250676 0.306348
2 0.257104 0.605895 0.038566 0.047340
2 0.346937 0.589027 0.019283 0.021221
2 0.446565 0.580865 0.051421 0.083253
