1 0.123351 0.572479 0.044770 0.171429
0 0.108284 0.627581 0.066295 0.113265
0 0.838386 0.584724 0.035300 0.171429
2 0.877560 0.563295 0.198023 0.131633
2 0.360746 0.518878 0.021524 0.021429
2 0.335348 0.518112 0.022385 0.022959
2 0.322003 0.521174 0.023246 0.026020
2 0.302200 0.518878 0.023246 0.027551
2 0.151531 0.543368 0.228157 0.140816
2 0.441090 0.526483 0.018080 0.029082
2 0.454005 0.534901 0.031856 0.045918
2 0.469072 0.545616 0.034439 0.048980
2 0.255152 0.735970 0.394324 0.439286
2 0.503972 0.555357 0.055102 0.093367
2 0.872394 0.804367 0.249681 0.375000
5 0.418862 0.565561 0.012054 0.019898
1 0.418431 0.536480 0.016358 0.029082
2 0.383132 0.518878 0.012915 0.015306
2 0.399059 0.518112 0.012054 0.022959
