2 0.420842 0.524694 0.024796 0.033061
2 0.395529 0.530204 0.029962 0.040408
2 0.290147 0.543979 0.027895 0.045918
2 0.260701 0.553163 0.028929 0.060612
2 0.200261 0.555918 0.087819 0.069796
2 0.111926 0.564184 0.092985 0.086327
2 0.041154 0.573367 0.060957 0.097347
2 0.486694 0.522551 0.011365 0.023878
2 0.547650 0.518877 0.009298 0.016531
2 0.560565 0.517041 0.018597 0.020204
2 0.563664 0.519796 0.016531 0.025714
2 0.575029 0.529898 0.022730 0.049592
2 0.584327 0.529898 0.043393 0.082653
2 0.622555 0.540000 0.074388 0.117551
2 0.639085 0.570568 0.074388 0.148775
2 0.012177 0.586443 0.024353 0.154286
2 0.329653 0.536326 0.065089 0.066122
2 0.457248 0.514286 0.049592 0.099184
2 0.819815 0.590772 0.327513 0.372857
4 0.520936 0.504184 0.048559 0.112041
