2 0.234141 0.572187 0.054844 0.061875
2 0.286348 0.580625 0.055898 0.056250
2 0.322734 0.580625 0.018984 0.026250
2 0.348574 0.583437 0.028477 0.031875
2 0.370723 0.583437 0.015820 0.028125
2 0.387598 0.586250 0.013711 0.018750
2 0.405000 0.582500 0.012656 0.022500
2 0.417129 0.588125 0.009492 0.011250
2 0.467226 0.597500 0.010547 0.018750
2 0.457207 0.596562 0.009492 0.024375
2 0.609609 0.601250 0.016875 0.022500
2 0.656719 0.598437 0.029531 0.031875
2 0.679394 0.620000 0.039023 0.045000
2 0.769922 0.607812 0.029531 0.039375
2 0.811054 0.605937 0.016875 0.028125
2 0.740390 0.612500 0.029531 0.033750
2 0.523125 0.590937 0.012656 0.024375
