0 0.177985 0.583243 0.017598 0.040672
2 0.075474 0.585590 0.078313 0.070394
2 0.025318 0.587154 0.021998 0.057879
2 0.229460 0.622351 0.132869 0.128273
2 0.339011 0.622351 0.058075 0.059444
2 0.399286 0.608272 0.041356 0.059444
2 0.441962 0.612965 0.045756 0.056315
2 0.486838 0.629391 0.070394 0.107937
2 0.573951 0.651291 0.095032 0.164253
0 0.667663 0.605926 0.020238 0.061008
2 0.732777 0.658330 0.143428 0.193975
0 0.838368 0.582178 0.018478 0.036545
0 0.956278 0.620005 0.034317 0.073523
0 0.012119 0.620787 0.023758 0.159560
2 0.865646 0.715428 0.261338 0.245597
2 0.973268 0.833011 0.052458 0.286789
