0 0.504768 0.568706 0.007020 0.033282
0 0.494238 0.567666 0.009361 0.039522
0 0.443106 0.571826 0.005382 0.018721
0 0.447552 0.575501 0.005850 0.016641
0 0.453402 0.576541 0.005850 0.018721
0 0.209443 0.549500 0.014041 0.097766
0 0.401919 0.564754 0.019891 0.089445
0 0.384953 0.571341 0.021061 0.087365
0 0.368572 0.567181 0.018721 0.087365
0 0.285497 0.546379 0.014041 0.058243
0 0.236354 0.552620 0.030422 0.112327
0 0.234599 0.554353 0.019891 0.101926
0 0.129176 0.605108 0.140408 0.355701
0 0.532265 0.572866 0.019891 0.033282
2 0.586673 0.614677 0.131048 0.164330
2 0.785585 0.605316 0.067864 0.049923
2 0.473761 0.574114 0.026912 0.033282
0 0.432701 0.574387 0.022925 0.086604
