2 0.071161 0.561836 0.140372 0.228755
2 0.173516 0.520244 0.155969 0.145571
2 0.268560 0.481252 0.119901 0.136906
2 0.343620 0.495982 0.034118 0.069320
2 0.378713 0.483851 0.041917 0.045058
2 0.665306 0.518511 0.123801 0.142105
2 0.605843 0.504647 0.053614 0.093582
2 0.585860 0.489050 0.048740 0.086650
2 0.559540 0.486451 0.025345 0.060655
2 0.547842 0.487317 0.023395 0.051990
2 0.538094 0.481252 0.017547 0.039859
2 0.416243 0.472587 0.027295 0.025995
2 0.433789 0.474320 0.009748 0.025995
2 0.444512 0.469987 0.011698 0.024262
2 0.456210 0.468254 0.011698 0.013864
2 0.467420 0.463922 0.010723 0.015597
4 0.522010 0.456990 0.028269 0.050257
