2 0.439151 0.458376 0.008773 0.019063
2 0.449874 0.454044 0.012673 0.027728
2 0.457185 0.454044 0.013647 0.048524
2 0.462546 0.458376 0.012673 0.057189
2 0.483017 0.460109 0.043866 0.071053
2 0.505438 0.473107 0.053614 0.079718
2 0.579523 0.495636 0.110153 0.207959
4 0.387486 0.452311 0.022421 0.038126
2 0.402108 0.460976 0.008773 0.020796
2 0.333384 0.460976 0.021446 0.041592
2 0.314376 0.468774 0.030219 0.043325
2 0.285619 0.479172 0.044841 0.050257
2 0.231517 0.492170 0.057514 0.079718
2 0.155969 0.487837 0.091632 0.071053
2 0.359217 0.470507 0.038018 0.050257
2 0.181802 0.511233 0.098456 0.093582
2 0.051177 0.550225 0.100405 0.168100
2 0.786670 0.521631 0.423067 0.495636
2 0.415268 0.461842 0.015597 0.015597
