2 0.472270 0.395020 0.005458 0.015246
2 0.478897 0.399872 0.014034 0.019405
2 0.497999 0.505210 0.123964 0.166324
2 0.529184 0.400565 0.016373 0.012474
2 0.463694 0.392941 0.010135 0.011088
0 0.841432 0.465708 0.014813 0.065144
0 0.828568 0.465015 0.014034 0.077618
2 0.963447 0.476797 0.065490 0.051283
2 0.907702 0.472638 0.067829 0.056827
2 0.888211 0.449076 0.024169 0.015246
2 0.867551 0.466401 0.037423 0.038809
2 0.801670 0.450462 0.039762 0.020791
2 0.773213 0.436601 0.029627 0.006930
2 0.768146 0.456006 0.039762 0.023563
2 0.704605 0.432443 0.012474 0.015246
2 0.667182 0.448383 0.015593 0.024949
2 0.731892 0.456699 0.048338 0.024949
2 0.699147 0.452541 0.018711 0.024949
2 0.614068 0.428186 0.021830 0.023563
