2 0.208945 0.441453 0.029627 0.037423
2 0.663479 0.449076 0.009356 0.013860
2 0.623717 0.452541 0.007796 0.009702
2 0.609293 0.445611 0.007017 0.012474
2 0.702071 0.612628 0.000780 0.005544
2 0.617090 0.453234 0.013254 0.013860
2 0.675173 0.449076 0.006237 0.011088
2 0.621768 0.458778 0.010135 0.005544
2 0.620598 0.464322 0.009356 0.011088
2 0.612412 0.462936 0.005458 0.013860
2 0.606175 0.462243 0.010135 0.009702
2 0.597599 0.471253 0.010135 0.013860
2 0.518075 0.449769 0.008576 0.009702
2 0.527430 0.456006 0.007017 0.011088
2 0.530939 0.463629 0.012474 0.009702
2 0.557447 0.469867 0.021830 0.022177
2 0.814340 0.475411 0.075626 0.085934
2 0.430754 0.443532 0.010135 0.013860
