2 0.340805 0.333276 0.053941 0.060734
2 0.290759 0.331145 0.050945 0.073520
2 0.232023 0.333276 0.071323 0.079913
2 0.132872 0.347364 0.129541 0.109978
2 0.539232 0.319272 0.014984 0.035162
2 0.530541 0.320870 0.011987 0.038358
2 0.516457 0.319805 0.022176 0.038358
2 0.503571 0.321403 0.019179 0.043686
2 0.493981 0.325132 0.026371 0.038358
2 0.478698 0.323534 0.023375 0.043686
2 0.454124 0.327263 0.031765 0.042620
2 0.576049 0.321936 0.050945 0.061800
2 0.616034 0.307552 0.023375 0.030900
2 0.644503 0.305421 0.017980 0.022376
2 0.658888 0.303290 0.016782 0.022376
2 0.672373 0.303290 0.012586 0.018114
2 0.687153 0.302072 0.017381 0.019179
2 0.709236 0.321251 0.028769 0.043686
2 0.741001 0.323382 0.039557 0.058603
2 0.805731 0.334570 0.092300 0.110813
2 0.923394 0.357431 0.150631 0.158667
2 0.042240 0.365294 0.084481 0.127059
