2 0.295376 0.525113 0.035560 0.032628
2 0.262111 0.524094 0.037854 0.055060
2 0.339539 0.503701 0.045884 0.030589
2 0.057928 0.544486 0.115856 0.104003
2 0.006883 0.569977 0.013765 0.077492
2 0.503000 0.493505 0.010324 0.018353
2 0.509882 0.500642 0.010324 0.020393
2 0.517339 0.499622 0.011471 0.026511
2 0.568958 0.504721 0.036707 0.053021
2 0.575840 0.518995 0.020648 0.048943
2 0.611974 0.521035 0.056208 0.073414
2 0.644666 0.537349 0.058502 0.073414
2 0.685961 0.546526 0.065384 0.099924
2 0.749051 0.550604 0.108974 0.152946
2 0.490382 0.512878 0.021795 0.057100
2 0.433601 0.555702 0.107827 0.187613
2 0.190417 0.531231 0.087179 0.093807
2 0.537986 0.525113 0.048178 0.077492
2 0.871216 0.580174 0.234007 0.236556
