2 0.466515 0.485506 0.023967 0.024668
2 0.499943 0.489991 0.022706 0.038123
2 0.526432 0.494476 0.030274 0.038123
2 0.563014 0.494476 0.022706 0.038123
2 0.585088 0.494476 0.029013 0.038123
2 0.617255 0.498961 0.035320 0.047093
2 0.658881 0.501204 0.052980 0.047093
2 0.756641 0.515780 0.092084 0.076246
2 0.338481 0.484385 0.025228 0.031395
2 0.241982 0.481021 0.036581 0.033638
2 0.095658 0.497840 0.071901 0.076246
2 0.025649 0.491113 0.047934 0.053821
2 0.972344 0.541569 0.051718 0.078488
2 0.421735 0.481395 0.060548 0.088206
